71.743887569893487921	0.925000000000000044	1024
2.200685865038173983	40.987404306864846149	0
12.392475667755190827	55.345320019732909600	0
8.391251335023850899	39.727388736660657287	0
67.850106421539763346	39.445796054481107262	0
42.014084810732711617	58.026713124472848904	0
21.673618084007053142	34.292870887239828903	0
49.417085243455403543	25.089291539819221555	0
54.561647587967364359	53.636645553984308776	0
39.906744852258228207	70.709688832867428232	0
23.656170211224601729	30.838783394340779864	0
41.966068162352819115	36.782413704579987268	0
13.975783781002588668	14.301939375333079241	0
44.030176882275604555	26.092043064316932544	0
42.224122499037690659	26.844492203749371839	0
31.192153269609899979	27.232855458466858067	0
53.521722484899413530	3.090733054139427782	0
4.815372155203792026	70.986886020662893770	0
53.787441018142608584	23.627855866124026107	0
51.528635873830232583	22.294989156988233248	0
63.469029241746369507	2.447337444341075585	0
9.179167048759619973	57.653880810388741907	0
6.215451643795501191	64.889783754178637309	0
7.536354509379617816	12.575214610003401461	0
43.559126443436021248	33.479431479771207592	0
26.663971626877142285	2.674939333393185681	0
40.768928064496058994	13.264800088061335259	0
70.108539120754002738	45.440692558875412033	0
21.346508805618633176	70.985472066361182897	0
21.716899738896380256	8.187881669736977841	0
40.089155622671292178	46.112717476107796699	0
0.516981001490091518	40.004564441628033933	0
4.244288143072312280	16.331369431155781768	0
23.366788786858201377	14.756308069263464944	0
40.181852969807700049	30.791467166938087274	0
31.205763090095672396	19.349697043593526047	0
7.538249611889944468	29.125940934356307821	0
64.512576162751074094	8.967222730974768297	0
52.330221874596581699	36.463208520660245426	0
37.708403739721191528	18.987415167487181833	0
67.673253243719983629	2.613178169980415522	0
22.017366578874447924	57.960435305291738928	0
3.422478212035149348	51.761598404030927156	0
30.560207092990896882	25.371523603933081148	0
56.218587054274394177	30.486761667794386454	0
63.195689800111232159	69.458656915504320750	0
25.905442726544702481	45.068929470118767711	0
14.293209144777422992	51.208943710890814316	0
31.706017805008851695	43.030687322871912670	0
66.674797176085576211	0.624602808576496971	0
67.417512249942959102	24.837257498966977209	0
49.091720022626745390	68.617075562607865891	0
12.567966027969898590	34.710246222007093309	0
27.607231078509823163	4.360395499044172674	0
9.424075794798502770	12.901289914295899663	0
23.399490068479849469	59.387215672907203157	0
28.096139330341756590	21.617791518257288175	0
62.005312444156572838	19.922197201029408831	0
52.070818480283364238	6.893737201760264277	0
11.004476068465731231	58.395902168272385779	0
3.921164049164137300	30.889415445003709948	0
30.669128794034733687	41.399152571030491288	0
28.675127612710447522	13.497229010616386802	0
29.352574542142452430	31.895666490793832537	0
12.311529340109652608	15.270971843950238878	0
56.327483682525539166	0.552523031172313273	0
55.608561192354088121	9.768147387024923134	0
68.403326763360098539	63.007245160846849785	0
42.067002201230664582	61.688276938593432419	0
71.743170754276022194	41.832526839158447274	0
1.180679074539053630	36.629373518412869259	0
25.792408370839055465	27.768319793354152125	0
4.176441917930224790	47.197337220111023726	0
65.292035961577880698	36.522200290110255594	0
62.625139379396081551	13.050782268210680215	0
52.107605908425846053	38.369393653329204597	0
32.513361939435419856	6.413578739421430086	0
62.675679254147020458	9.573242262792811985	0
17.840280551651730434	22.570818065962779286	0
69.655051310788351770	2.498988025504963684	0
23.561701549012749268	12.795183476827101998	0
19.128163284228623553	2.486096059978164519	0
5.884749515260807584	42.848118366228426623	0
41.733272703041713214	42.711830511577829839	0
50.866236121025757200	65.966427265832791704	0
28.950447723654374244	48.229903503209037297	0
36.036067801026881341	44.274812226472874954	0
43.729104235619331575	31.553276134223178673	0
68.621550846280726432	0.897275932641248608	0
64.733744265067542756	0.925148042008186677	0
47.574064254054022172	24.413743997087198778	0
3.257806802711657124	69.594374274724160045	0
66.682739010623649278	27.036496914079634735	0
7.525438962756802574	9.500602981397067381	0
46.837192255197223290	35.258114416530197843	0
36.466654608517096392	32.690231167977962912	0
27.246414298375732699	53.463724050428133694	0
46.996922882311430669	71.015112864091122447	0
18.487861013577990832	14.727471634738083850	0
60.667472096782375957	51.465048832142514357	0
24.510196560118597375	63.633773487098309829	0
57.556492107432973171	33.799058234003204859	0
27.466385541979807527	19.786736287175170190	0
19.320913076340289649	34.899868468923806120	0
50.420944076650002330	59.774137973474431362	0
2.135471722262015870	12.115222579609795872	0
45.218696192612448215	30.314388030280952080	0
31.480311806072538872	68.254071235627733927	0
37.996585027919536515	10.979726222617387066	0
65.691490033335668386	2.629919772223981322	0
32.479635973440174723	25.796930915583779154	0
48.186431339761391257	7.771886741327134196	0
28.637908438802909927	15.456840655083146530	0
64.109162193279814801	45.436819108902213316	0
11.089541035353818188	66.531135319449816734	0
11.066906750195077080	35.950863163550735635	0
8.728823082736592909	11.051075781874764914	0
37.066060003842707715	38.597925698101043679	0
53.129392849634292872	50.015331041141131152	0
11.177933688838409765	13.691835147483802260	0
54.426091794671684454	61.791836396454108637	0
5.627313836684346704	28.861571705459990511	0
65.919114049908600350	46.179892714165681866	0
0.024639112335669632	46.478122662854467251	0
65.557942920071226922	25.453577645425603748	0
29.959115955247590080	49.874771782622005389	0
2.742813834429890463	5.425693477330867154	0
29.257364380466505338	46.333133096755915403	0
15.636987228692090568	45.398081734118036934	0
2.470890892417720863	55.131509093912058006	0
64.716967487007394766	27.204528504326258798	0
23.905974811342140640	28.879522390985513880	0
63.611359392237908139	21.041155020318864644	0
17.731778026247496882	24.493863229820476590	0
66.754691431711009386	66.576792041079670526	0
15.159625637096427297	71.076163646030323662	0
69.611048786923461762	28.115362288964750093	0
8.117613713090264582	64.411378539283234090	0
14.354943240517430425	55.222995861918434457	0
63.218719854700196947	55.158264487460471059	0
15.821733649864487603	41.118875379772326539	0
30.037767405563403855	30.076329300455601157	0
12.687612978192223778	63.917738890538807084	0
53.377362312541016820	21.771241959456009596	0
12.862416178533669253	12.738699878267501830	0
52.723319822837893867	19.981935673444873203	0
25.515042167876348600	61.997019154239751515	0
35.924731553982411469	27.261239441811724760	0
31.421516184947403616	59.136062420055843347	0
45.425453651662024868	69.883563172011534448	0
49.995744399661738555	8.571354500392866171	0
51.150741875570275852	63.753057114435385699	0
25.259228051579107444	60.054946689672298987	0
9.020710782648423631	27.876296691279762285	0
42.435716949741433268	12.276582307859655430	0
10.747390398674289358	56.434009285983748327	0
6.229761218817846391	22.194035711010211998	0
58.468294876088002354	6.540641857147781124	0
37.200502232659488300	40.524762887336279960	0
2.384631455754528062	27.567049034776648142	0
12.536175211967732324	27.341841795859700426	0
34.513555983756582179	12.566999109044330041	0
9.495438508697702673	59.579584602520576198	0
6.745959279009245080	41.139505686084852698	0
10.899798323502942310	6.992209281825664036	0
19.453329037939106172	20.478082475841997478	0
43.547591854313637327	46.832239847039566882	0
35.790485763245598605	18.938450441060581397	0
66.715275449510869521	63.993687044405604070	0
11.541605928480960230	62.329510210337240039	0
41.795591773642520650	70.298450809631589209	0
44.761313281381575280	13.722303281334399472	0
55.135182130632031772	57.365421442027539456	0
57.527472768732799580	2.072462421015221157	0
4.021571285496061243	34.624255537049400289	0
35.820890282801812532	1.037118247950721273	0
11.872307855194158321	25.301007135587049390	0
43.911190217332723762	20.276390125247008456	0
22.517463789076799685	69.408629922359168063	0
31.959548290162622664	23.943037117835782368	0
15.763036396454987553	63.053582956521132985	0
33.432360944164102534	64.077251504404415527	0
37.533815685101941995	2.012034382105965857	0
57.283608960787454123	49.971868895884178130	0
41.836481704706642404	16.892682218487585999	0
5.175322165312107536	25.361912791402804856	0
33.380866795603537867	30.097409878109683490	0
68.522068479197372426	58.517299963236673932	0
20.380351108474890509	4.216676715159870525	0
15.482903351697430594	1.244662306277979136	0
27.995734821870957632	49.925694727230251146	0
64.339715191427586660	47.369057949457236134	0
14.786961393821364652	69.168084981463437089	0
40.118285146880246828	37.278565343398895493	0
32.947525613138779477	4.480454938289169853	0
37.332235632804191994	61.535343666673796292	0
46.273776403137183877	7.560191643104615444	0
1.263635219463774551	59.054268271787080380	0
46.912044126889178131	22.606469327977798400	0
27.402893763045167219	38.793213267606802219	0
5.780855975809803482	13.357621946053022555	0
43.680304569744201615	70.677658931314809365	0
4.577214755974959637	27.228247128158411527	0
62.922917995223016874	22.861290561773092378	0
56.145325175375063509	60.966238026949227446	0
31.110565199685549231	5.014354595261689695	0
16.006684539871120165	5.207536412789980140	0
47.292615733849586945	54.044060287986432911	0
58.709287239375434808	69.401211501187674457	0
64.403503655052958266	13.783576896017361690	0
11.146803505948753354	31.466796915275569546	0
26.968083964640765515	14.497351717819711325	0
42.263344758300043225	34.891990123494863951	0
17.201324337207942961	67.391564335513621131	0
1.396541273550648832	4.031632171674160325	0
47.132792643006837352	58.507868539592067236	0
55.802784259901550001	51.219227052411540058	0
18.898055191860557045	26.078043013250912452	0
26.530489415407167542	12.600332457242471307	0
62.594851032475823160	51.543958216901764047	0
42.039121294981619315	51.090132099639063767	0
42.368556266662821486	7.629730975632896595	0
40.635983585656184403	41.144681069912408589	0
35.322329070779318272	30.138876483429108077	0
46.488410651390637440	52.257832278256010738	0
19.172296127956883538	30.445389356544371395	0
39.243977153526046209	61.708196740593656671	0
46.547679723153713383	14.567607192560529938	0
0.071346345797204988	44.521788897554856135	0
55.569373397205517051	46.738067811975241739	0
49.691693624484173597	31.295162699032655240	0
32.518205455047926478	8.385903102413625021	0
58.070273351647543336	60.892413714422453097	0
37.323673064467186578	65.901498422113149900	0
12.795770228671532465	59.197377580922257323	0
46.597758217717533569	28.910959359075025787	0
22.493524846893123481	67.457835950808714642	0
57.409632948915486850	10.432312079187836318	0
36.847185095723339998	28.936521876130459674	0
27.828876982868564482	45.037652318133417850	0
22.123974093170247102	28.113813662508484015	0
41.647806955492555403	47.286685417437794854	0
51.953224721324232860	8.813882279600392167	0
18.850958988015193540	66.380450010744326050	0
48.684168432669352455	35.845149201902209768	0
21.061130218885367071	65.313816671032867589	0
0.335264832875291297	30.643181487974491262	0
44.982590143734967114	63.694441061509927238	0
23.581151128750278190	41.255969020265354175	0
4.638476128957195854	66.061414175092096457	0
62.595270733299557264	16.887868236606522032	0
48.446406399445322677	59.955919958953025173	0
23.599702074234762961	33.835610366579594199	0
20.577888896323987211	67.223598666991463801	0
57.087709487748263371	8.477709384661078929	0
2.147521679518546556	30.056584453035323889	0
52.498623545014801550	40.250209903050070182	0
70.792107031109168247	19.423724381131080463	0
13.513183096238085668	18.850016362320477725	0
55.527055237964461298	67.340245177900939666	0
41.440002405470153235	55.653004054057760186	0
45.508191665941801318	27.318519830746989641	0
19.894894810126345419	13.388082680783732314	0
59.045494312479263499	8.362882771345120148	0
68.804259728452635159	34.937542057235809523	0
12.678743175052211711	46.949825860003066680	0
63.108245553791824989	43.574749615334098962	0
67.781517505390183942	28.634411553425199060	0
40.814273580682680631	8.816038524872977789	0
62.187824910937003153	45.322925561767597458	0
23.469838663132218670	9.060750559286152139	0
18.506747014261272000	16.683738147928693252	0
3.486637924533549260	32.771019802599319348	0
29.822133813648939338	17.028876261944013493	0
61.749037188637494467	49.846765989534752350	0
61.736377228758243518	37.426010324248636607	0
30.302186214334792425	12.341742975060224552	0
4.849729565241524654	61.442668264111730991	0
22.164185493914700942	44.556561621371081117	0
68.563991870733062228	26.439589218156346107	0
43.499804584692256526	17.948187198195959979	0
34.443950414154933526	8.136030842580284528	0
36.231016747551493040	36.882495231284075032	0
15.462357823768305920	18.677455971828944570	0
5.390236121493789945	33.220693212241705794	0
16.439635505677220095	59.179130417378381424	0
51.667785525134490854	48.742352404589233572	0
16.536220902374644481	17.000832933822220383	0
12.904364730601018962	65.839634328278663133	0
25.118239732907987616	13.878316510905685632	0
67.547800040972191482	30.560722181075568926	0
36.014463339673660869	55.146484424349218045	0
41.485626165537958343	38.705368900682366018	0
28.940153420556502084	63.037707067317086285	0
21.804396563123354724	13.576717209549299170	0
37.645798453059228450	23.175549726557598262	0
4.778214642451406036	56.205514975449986537	0
61.136649697292959615	18.145892797499957538	0
1.558363221356745765	8.593104620509203428	0
38.195767004481531615	36.993353243825438881	0
8.455847546105996315	42.038820253301736329	0
50.723251258109613104	13.046803302410026504	0
24.112563505937412600	45.745949378122055862	0
57.626346460409870076	31.843377875201923644	0
6.357164401040514612	55.113637468244498052	0
55.737392626007604690	14.449068808594363489	0
13.671682489031249830	0.611479971250215359	0
22.329663267636288282	0.929178683143178197	0
49.734124335148656826	48.998921016118607952	0
19.747334937343275385	22.394306115623436426	0
66.335065370924098715	10.478323763021606396	0
36.360486880290430634	7.591522759042200974	0
0.201609598525804012	23.506355341311603979	0
70.381360400864338089	70.063622508058571725	0
65.998833583667561697	40.023823699498265682	0
48.676689299019592738	37.765000595339927258	0
19.189720992523916721	40.397434362594864865	0
16.111568191380030157	61.118475050311381835	0
28.880644872626682229	59.235706533708857080	0
10.986460189773666229	21.817380672934689301	0
16.192061896412226929	51.082968852201169341	0
47.758125467877363235	39.471418231547325206	0
1.712867013070199285	31.991380629358022958	0
5.340807600987349524	51.659293663987604361	0
19.844156924548315146	11.454549951203787828	0
1.254298226650533366	6.654366335441072700	0
33.181134283836904331	41.801646672781487268	0
12.293917880681838994	20.374282445020188703	0
61.840681681310933016	11.309591824475836219	0
26.926682494154928094	58.993187502451569060	0
54.467111109566090477	71.345036122473317164	0
9.272519694598747364	69.981110210359418033	0
63.274132886206629678	71.383370129119285252	0
62.713702826855033834	14.959707701512359179	0
38.786953190047988471	41.650005930058135561	0
26.906316805935389880	51.543856566243078987	0
6.483270733450691381	66.785469425591003301	0
62.691490187556837554	61.179624608083457815	0
4.824604839467525608	23.472888156106712643	0
5.289507996760459463	3.603347060889289022	0
66.408793681782825047	53.542180884683965303	0
22.119532568054818711	42.575190320112390907	0
10.367310797329386318	15.480631546793967246	0
56.416456765245555971	53.043276383323423318	0
57.977953628170645572	56.736487438559414898	0
12.576577948952294861	32.779977532464201317	0
63.657701715254461305	24.961692203714701321	0
70.534943261808848547	26.470246661660812748	0
30.163962460088882267	70.028521276683832752	0
71.531306585392528063	2.917734665108802972	0
20.343938536054032795	9.600335431103548700	0
68.161443585081855190	11.152255419349755172	0
29.507087688901542322	3.884350962776704108	0
12.604118021277320949	43.630502645276742157	0
3.089009211656042364	19.932152962371809224	0
13.283130756611257084	70.438701902508597641	0
37.624962259704858525	56.296778692652971188	0
28.134495056211456188	30.371848999576705808	0
63.354343604422105329	36.361701602785984733	0
18.170921783362466329	36.497836746496901128	0
20.068072869306853079	0.726142448784307670	0
60.066069047753018140	19.768110815663913371	0
45.596097525375959947	21.177078489735290390	0
66.793362742815389765	59.325741055384099809	0
26.050918560233018439	25.810237738744230995	0
31.859755304830081002	37.481078480230117123	0
22.612719414010669539	64.103710230578471396	0
21.249107414456929632	21.219624310605862405	0
42.811234250807366664	59.832680608651898524	0
14.611035266506773311	47.041104081330509246	0
7.751784694485067462	19.413277075796298021	0
45.675038759615837591	67.964745474626113264	0
61.132640872885133376	31.100700644024669828	0
30.806934696564937326	0.357082662268642381	0
8.942204962194521656	25.919006000950140844	0
47.545928275928638129	5.919478195499555895	0
42.284781533718842184	66.374255449375112903	0
48.945515723078287351	12.217408819166054812	0
11.216041566675842844	69.976256718857968053	0
61.960116995044778321	32.885473713650107186	0
34.934018859380053357	34.493030904266198888	0
1.380985952750590995	43.111515756677270872	0
37.515651611153103318	43.078941185713468087	0
42.110895780276031530	30.472930570732025046	0
30.337822790127596306	33.551931817631640342	0
46.181835009396728253	50.203660130347785184	0
71.526427337450613209	17.601699575512085971	0
12.184901656102871570	39.160959105734605146	0
31.446718119941600378	55.453184987614712043	0
66.812334348152020880	68.511557681418295829	0
22.321468823334253528	32.417290771022088336	0
30.718983248021512367	7.703819659864980629	0
20.046736610126281164	58.095143053055934956	0
71.406786985115843436	68.395830499170145345	0
24.844945350992830413	32.357788020106276861	0
68.966993617187526411	4.264556624966040488	0
61.853002490260394097	42.052108367917313103	0
44.320446350397276092	7.680585730598303407	0
60.118796606371098790	41.121677691220909878	0
3.060692627898621954	36.294808835896752441	0
10.287442507833057803	68.303646590317157461	0
12.554699369564128020	57.256902528645085226	0
38.664960255462588634	67.277898386857188484	0
38.617350318097351192	69.231322671938514191	0
3.862638562446237600	21.742633956026633513	0
15.502833265355876691	30.523218536320840144	0
64.427776489496395129	4.161331105330925872	0
28.633426134139060792	71.170243010595640953	0
40.488569386989233578	63.182664621029026364	0
46.188190388055843982	42.391179733094055848	0
58.110394650151526719	12.278208019837192566	0
33.613989240667621061	52.398101321831134669	0
19.665461668264928363	24.301292597079555691	0
20.873559529626387388	36.098012571333356391	0
11.828415421350376491	0.012509527769605063	0
63.543004560597701413	31.809298850687142135	0
46.595265233785809755	64.813529851321092679	0
3.520032961427134399	67.676311162636153540	0
48.971516740378397969	18.482830649910706455	0
17.689338461824512194	41.623191200935430345	0
13.679897471856392599	45.270626623252510967	0
24.420063626197624274	47.658501054060515401	0
4.023926468969236225	12.464927808668397446	0
21.082167842051568130	2.404391058972445094	0
18.912358038893902545	68.320843900785661162	0
14.633300741747572005	59.796296388193418636	0
36.261690522666405911	48.758233350311442678	0
21.265232991724904110	6.001390448655366860	0
4.051701734425385837	18.252349090815020105	0
59.318654185401307188	67.564228139697334541	0
57.403403304985467059	67.912184462139620678	0
23.628454300328250781	39.303277509283702784	0
59.180939655786552578	30.707948211677912553	0
60.983180590284995048	8.639349330689478634	0
38.653079235447513895	29.610347525280111824	0
3.268477862032321823	25.825518775356457013	0
1.585946387915677880	68.010627700766747239	0
22.425878626880422217	51.826379039586427666	0
50.525753262741297078	37.193452539188903927	0
33.303513452946752693	59.500698059688851060	0
38.348410352695552206	27.658212721455047500	0
11.677450357030485506	45.326162497335921842	0
9.287546972446033777	51.980417358815337536	0
31.710104458929688320	29.109261358902909222	0
67.790553200214688445	54.851936247862909113	0
0.989032076055342713	19.131412699985379078	0
68.883614622488849477	8.842553707914991179	0
14.490889541518733097	35.050675277350599401	0
37.147244347610772763	30.865706104775259888	0
18.241684484018040990	49.730981585682755508	0
37.933961384437210995	6.462183800795291866	0
3.210985940980009445	7.477774439242009130	0
29.305695392062883542	18.950668030905593042	0
54.686482982663392249	1.547993775692503515	0
47.811305100017960967	48.663485745453783693	0
11.262254980500397750	60.401842764727973645	0
52.752090828308354276	1.333208440802852168	0
9.521837141917211866	5.595796069076103940	0
29.870698586071053882	20.807811030294374177	0
46.413196445893497355	3.405903217381859971	0
47.232476175874033686	69.116278173029954246	0
9.327835015009519282	50.081180334203224902	0
33.339715968699742632	46.419968140115379640	0
14.531903002199378250	64.568715678835289395	0
32.239479654288260235	12.559099972163265235	0
45.849488437686801490	25.366926464447008271	0
27.597461339572198824	28.484747419414656378	0
61.042902750302033610	43.803653698824490448	0
5.883377624297208897	15.284821689314670223	0
41.788989895402345098	3.060309615024573215	0
23.494544562231304496	21.827831246703841117	0
34.423994721484220349	21.401839989807889708	0
56.809402681143424729	19.055060682619835433	0
55.248073536067344946	65.402606746158568285	0
62.805412155581947786	5.270436471277387014	0
49.733663979251083731	16.715315363807686566	0
33.740942424699092328	23.206855673020598374	0
7.812492111979739917	68.694953971448200036	0
10.659921222451218981	26.810552974252281899	0
3.309641564194580887	3.540486971009016326	0
19.255761738348173395	64.509488131191361049	0
36.408658734447044480	12.120085717233246569	0
59.458005414801100130	2.130329985672224424	0
19.289663853652537995	70.577535439418880969	0
52.889346006944180090	27.881343697893708367	0
7.260235307673545080	37.482507345172095370	0
65.286002712464750175	65.305351816684193977	0
8.583525203790431490	48.293217905074300234	0
28.538365441769602882	34.330514237401004607	0
13.312037891238482246	10.844578787962683819	0
2.946334764738793854	71.504135905337463441	0
3.716339326661311837	28.961789293442866011	0
48.558231440335852369	55.517583261366453939	0
35.313812899908988641	53.287649594751165694	0
46.510073904426953106	60.331559158791250752	0
65.293575059861012733	55.164340631411441507	0
29.528871914363850948	28.223207479299933453	0
20.627259524256029266	69.170062298915382826	0
22.094441474209205012	38.084708704699934856	0
4.161080113816974624	14.400015094410985483	0
37.776192848498553190	45.205129959105036619	0
44.320919934057108946	11.792880694530605723	0
62.674200709036739454	7.629397587521456359	0
53.947005347676864062	51.774569770232510280	0
35.692478895897245650	23.166085706311562831	0
66.446346133148296076	38.097500822794408748	0
47.166195369601886966	44.047052242175858794	0
23.136002979733500950	56.393443213790000357	0
6.529827784043015448	39.250460574702799477	0
0.985870603711484161	10.500339342355864858	0
16.800949552381482022	20.964391754699050807	0
26.814479533773194930	6.338626350617639460	0
16.248089035259432933	55.683507803659338720	0
51.689028716140505537	24.592042681907713586	1
43.784521701230396218	38.155916391094613971	1
60.534688934753162926	15.821047040656269544	1
56.450625987534387207	16.710357028143477010	1
39.724341505890222948	4.010945441965828806	1
6.722570798563321404	62.651239474878209990	1
11.810612142603032382	4.907796655257664398	1
29.119259405871698476	52.010008569675839851	1
61.180674615456467791	56.299413620469699993	1
53.624783401535616179	42.261391466179581755	1
49.254469408118538354	22.755192378243698670	1
25.485719074230061665	54.989157010968526151	1
7.797588338117257933	7.202684505515070335	1
71.061522661448819349	7.935860481950967049	1
0.190552590827318180	28.352468379865513270	1
65.471111263723130946	43.575728701265170173	1
24.051551995359250924	71.109627782085169656	1
58.814165903142033187	17.862488159696685130	1
20.428933090011426543	18.326746495757777922	1
63.994268056154780311	18.710104523857609138	1
45.260699812603427006	45.317003310690672890	1
24.165827627550982015	65.862281799956292616	1
55.524620081765839075	21.001908110561643639	1
70.942612339777454622	51.438227720537327059	1
25.675644420383957112	49.600163391497623877	1
42.856657049796794468	40.623974379043104932	1
55.181699305186242555	48.983787868826247802	1
24.617493335432794055	68.466124877492347878	1
60.789095592782636857	21.938241823746068349	1
48.469878424926463367	33.519505702202394559	1
17.506609953613427422	43.944892077682865761	1
69.119953370038558660	13.316219757468259033	1
17.851820907220428580	57.350461874423487529	1
58.761709320804314416	23.779310900820156860	1
13.011011312260752248	41.365102329152328764	1
1.949886222205493569	47.794385997245456110	1
71.126541342596823370	5.215700519654784095	1
5.835155615163418297	11.052133732651672204	1
8.632022400753832869	55.387147518098139187	1
2.364745401082572585	38.624709392841403144	1
25.857797421074895539	30.115817940105372941	1
16.211863111228247192	14.728244235762174341	1
58.707998777264371881	35.810202257109999380	1
31.471715082983848788	53.180323050096056647	1
40.741161836493041903	28.579584837283249499	1
64.020887476324404020	49.683454977602131919	1
14.067762295105861625	6.485978546997488436	1
25.337666915054494865	37.706073334862225011	1
53.465169765674211533	63.842218641251442079	1
33.839859434398398719	68.130472468031058497	1
40.753980996280027682	68.208012180110387135	1
17.733967489975206888	0.556790421738333041	1
19.790168503284071733	48.012036304482265336	1
38.135683499066928448	63.735866606385428668	1
27.041571349671500002	69.487700828470948977	1
26.864443266518883036	47.183874339311195456	1
67.795168444616592751	22.512672867966504242	1
17.393816635413827498	31.853828330189895013	1
53.453444004433258385	34.461952201755750025	1
40.305473362170545215	11.039727784237326702	1
7.231495325007053054	52.987427203393764330	1
17.766505908218103826	12.497196846513945800	1
69.912285043754650360	40.441576432718143508	1
0.430943434423931127	56.320991663453590093	1
42.333129569886473575	21.986027285625482364	1
18.230734389901115833	52.042298028579615732	1
44.699692892708839054	23.338903633729426446	1
14.251839654171254423	3.713970654775752944	1
62.416663003989931724	26.968827583793846259	1
12.665727595162723063	68.191454374762216162	1
0.033768822127933827	61.067013790382027594	1
28.859199202367225467	1.710194394348707458	1
35.414954508153890345	60.292150390585817377	1
64.579311484126606047	59.888744436605520605	1
60.368167272270646606	60.905382831848633884	1
54.137865794391437646	8.002191326634530810	1
50.459020744612836040	46.759106439496328278	1
49.627261374176519837	61.957709026604391056	1
6.833735435082771481	57.390390016464913003	1
68.682900825886022744	65.309785696847100667	1
39.221566357174808104	39.359878390747532251	1
69.102926040888945636	60.779455473709631974	1
25.733524562947224013	40.416927822444883134	1
64.192584868771973561	11.340762937894535156	1
17.573236195625803191	46.609325427651199902	1
17.979732752556444098	9.810707244421594808	1
69.118362599205127594	67.958288628017285760	1
50.114972923804593563	39.558718630204872113	1
37.870105126092205694	59.212012734384877888	1
66.409254072743962638	48.473029003349523691	1
23.215241091667699891	36.082422414407481881	1
39.769908251695397894	57.294077527993060528	1
19.779913110069951898	28.210800696014299405	1
7.172647295646116028	1.929890333469468811	1
46.369160794144306692	56.338705014364791168	1
17.231893526369923109	39.219659171193072211	1
9.557034699561095081	0.553588434808556906	1
27.212414633964442601	23.784324943304593347	1
4.264627905974189837	49.546479934310063697	1
13.236888464926231279	30.559848228173681406	1
45.546411373856045657	40.182057228093754020	1
58.442316490281903896	51.976913542898223852	1
32.066544034663813534	21.576350990939335617	1
7.265447507388810067	60.052164987625062054	1
59.874257503262825253	45.876747639786351840	1
30.750346048170953850	14.619094276666510623	1
45.672927374106947696	18.780897006622119250	1
24.924163062495569676	10.919484268810588645	1
67.823580357177689848	44.836318139596635035	1
36.023998583175277588	14.397024186518638800	1
42.305748534588609289	24.580781786965339109	1
59.439562659841428172	26.411748494786721153	1
66.226558778320750775	51.210329352904267353	1
22.173753619341070475	46.921149792742660622	1
51.023305457967644827	50.985138600648205909	1
4.473174994744018029	1.496307130942588826	1
25.300411347115442595	16.135075591081882607	1
32.211799967228706976	39.714954473198162077	1
56.962227779649857951	37.948216082447792985	1
65.808097762800457531	32.073915555605402972	1
56.442655022218865213	70.006628264011084184	1
29.431271292241664383	43.378222324143500543	1
18.015662773971186539	62.542300575003729080	1
48.861934522019431881	14.508501048555082491	1
50.447032075756624181	20.257974542894107373	1
14.235481454312862937	16.631648120184379991	1
54.282479834887709558	59.505781087029063769	1
10.434422159038982514	40.786094158976140989	1
14.978354197390956415	66.856934757197180375	1
22.818987098507104605	19.630321888297519450	1
31.314164986263264723	45.301939378827832172	1
30.325040664862424222	35.828290819067802886	1
65.369046892089471612	70.369161371346592659	1
50.869163719132302504	55.630370618938030702	1
44.093739426428207651	3.068833274938197242	1
7.671392876143833917	44.263068320583947468	1
31.452858056718540070	2.656485089755356910	1
53.454280018250983630	10.621539264694979110	1
6.880129276608596633	26.914510219239616617	1
18.350787198345258844	54.727448042991284183	1
45.255454575692930064	5.485652469130076092	1
41.426010166220542885	32.713019176036475244	1
60.324834880204292631	13.139499830537397784	1
70.646126341920421510	63.478831800068739710	1
29.098153592643672738	6.105707882232493056	1
25.697947098708755931	8.355174223728919713	1
47.751177321739369575	26.713994798221474269	1
48.926434845547561281	29.053741359954326384	1
39.352123028422468565	54.670915392815494727	1
14.902348663784792393	43.236355076248329965	1
48.370756004732150757	41.705937306914798057	1
66.563136479863885597	34.638275367778028624	1
35.130579058044389740	70.512582263419574247	1
70.981773684413425940	0.599390737803828566	1
8.788189726462357854	35.769529132042102049	1
53.884402141153735499	30.694499196888134662	1
30.303970356575351985	61.114637338995883908	1
24.719087521511585948	52.142747800202769781	1
29.227785406992879302	54.703687265816242302	1
51.989331346973294501	70.925709081500244224	1
19.988039147769359971	32.653545164472660645	1
37.414425448178938893	25.477502358112985803	1
22.671721286629828995	4.118358113759501116	1
14.514038634078358925	20.951766540564932484	1
4.491488677813128660	40.349823616147475036	1
69.831238979843405446	30.382646880552965030	1
45.172394808448267156	0.664165402982514474	1
7.356195857863693455	4.615332596351860772	1
29.130492076813354174	65.339196830372571867	1
32.151033236430656359	50.591517338996474962	1
68.074981873741521099	70.441174904664109135	1
25.296575510246487539	4.604553841182604579	1
61.531954657907043327	1.111222075349937777	1
56.272881805707484659	42.569929106080550696	1
61.619052830370854679	63.212169198637511158	1
71.031825692825165675	15.319851321169307923	1
1.758865057093533801	1.724339474755550494	1
59.683172955831601314	32.984919001390530013	1
6.499835201458233236	47.338134273983534683	1
28.294965602346753286	11.199896725098424710	1
44.832489561496352337	16.101432954590364943	1
47.770498847963487776	46.338831230410157502	1
68.671068123439965802	49.977932263887460351	1
49.429967185888635584	44.228275828491319999	1
48.710617827893521792	3.878413241093356945	1
38.015083785328435795	50.221786863914893217	1
39.944769629442532732	23.302512632698512363	1
26.754493419598102122	66.732699038198362018	1
44.001958564563530274	43.008031185197090451	1
55.211734695627676217	40.079598234546828905	1
70.398281867743762064	21.747890002583950775	1
9.601605325237608568	3.251790048383861098	1
33.959490191916671620	48.643417133460346236	1
43.629202901764188027	56.342261188925704118	1
64.700315704496972558	6.525819723479680867	1
39.983366516559129877	15.408374639570313391	1
50.441083117091409349	1.580277391505720441	1
63.931800229819309322	34.115157189323184639	1
14.874656435846922875	32.768657699517063975	1
67.369485018502203388	15.364327529605503742	1
69.232721276568710778	17.315000840527464021	1
52.200842730382618129	61.283510039976775374	1
30.098464076738139283	57.280355640722603994	1
51.415681419855140177	4.065428688376660382	1
45.492162582263063086	9.749826519558769888	1
48.162838462050807209	10.049814927578397672	1
20.473021038089388668	50.554607984690285605	1
33.483078629155045292	0.934795904234797193	1
58.955988766022514369	54.636494531443823064	1
35.417343092772448188	50.946237493144636233	1
35.031505430388463651	65.736937902307204240	1
2.833149736995447920	57.405023534351379055	1
48.368631594053276501	50.909028101843908587	1
5.495890808465713206	68.827401750187760854	1
54.092446567358713594	25.896943560719673627	1
42.437078988697670923	0.849704753718334205	1
33.378267116252949620	14.589838475028487963	1
32.162499160154460753	66.052835248374265120	1
61.486550775399607005	53.614448787516025163	1
44.566664440054282181	65.956117846995852005	1
23.239361121741492155	61.733827757960511917	1
43.414687343063960157	68.411657622658509581	1
22.157226800845908343	10.998838995847961542	1
19.772156985735371393	38.161306338476570943	1
33.661972976550998737	54.792109166944364063	1
22.826206121460398180	17.018502271436773299	1
10.039814251673780277	23.910415597265220811	1
14.536642453929934149	39.214242127265322324	1
61.887863610162732186	39.731888529322205272	1
27.498980501634004980	56.749567140633480733	1
23.838148870387385614	26.530663561916139059	1
15.656507146797332908	23.400311353791785507	1
16.999748546462651433	34.481561083275522606	1
16.640667228723234672	26.507178495834097021	1
10.440641083838412939	33.673203626073188843	1
46.390000300121037924	37.557724418298498392	1
66.700401576411877613	4.749531593061288248	1
15.206723925457390934	9.530803661225142775	1
47.740072623546069508	1.434814727685648439	1
68.826824876066837078	47.326113348023817196	1
35.455125474164887578	41.999676114431927942	1
59.521243444699038605	58.403823711367330418	1
64.207191152665970435	53.084063345938560019	1
13.787161104557201341	61.889471510975312185	1
35.521644763065808093	63.035333855077119836	1
18.576324634668505809	59.950599257845404111	1
24.390880051636472103	2.048509282659894737	1
1.895449288732817594	14.466882861817174089	1
39.997076733883453414	52.044771763551231913	1
10.987400812487559065	29.116097125560997938	1
2.687959564580137517	60.829250304297744378	1
10.902643703867276770	48.421158673781526716	1
23.534012886705689027	6.699831023260805374	1
66.811191252547260433	56.963701992744823599	1
56.226737631623187497	6.292435538158841268	1
10.272492888471393968	43.491411236770716187	1
42.603450450850807840	14.648650033294035921	1
12.900622667444467950	23.172928621952223693	1
32.109194017937099375	16.994258858349528651	1
35.684500351562853382	46.528179008782835524	1
37.474579445176807724	52.823431675411768538	1
35.605638602651929148	57.529765812259789470	1
65.900304366272223433	20.592316965245174742	1
51.324872458986128265	68.312924641396719494	1
71.105869921011958468	38.049755727766083169	1
1.556484761504682623	63.249157637148705646	1
31.168992028366215408	63.614759415860149261	1
64.177413261783783582	57.229646576911058276	1
29.816307937456098642	23.155279939673039991	1
11.489835704247127524	51.096026209203337487	1
16.954059835440066450	65.040960855969927934	1
38.253371924738395649	47.520543359992707622	1
62.995657464537565318	65.476272953718236636	1
62.982785215441737137	29.603088229085777527	1
42.552106160384454370	5.286051370865948229	1
25.311214002054683192	18.833150794249359450	1
14.135540292112413141	25.624927935740551277	1
58.081875647136399721	14.610483968190569826	1
66.615323943016960584	17.983248417437870614	1
48.957986596840626703	64.536415639467136884	1
11.638070593566157029	17.479619258785582758	1
36.708598263704033116	21.070049734655775353	1
2.551356289112405307	23.657833749086190522	1
0.992950261987737393	70.288931013903081180	1
39.735088871538820854	17.982534976124497916	1
4.198274783602792937	63.724381588236695961	1
64.066215132809887223	41.306528046731202153	1
53.233866643488354953	47.028714689391598824	1
49.288962725924598374	57.753206767706537050	1
39.381082060515076648	20.673659483498969536	1
15.910386201118051019	53.403235938208446498	1
34.829202656495198198	5.847137537513488859	1
70.388784213128843703	10.520420717642341657	1
44.283584317839533639	51.510997015463438231	1
1.279653829363626150	21.384987757673027176	1
58.451993441101549820	4.237038416508449146	1
34.813364144824348045	3.148881424780606508	1
53.314300132091105411	13.290009642276753965	1
37.486837812774254530	16.620307999212759142	1
12.040674791583924730	2.255124534023403182	1
69.881176074052675062	43.145641159626812566	1
6.280451947031675530	17.537537595775745558	1
55.964755891599139659	35.455175646403390033	1
65.198001816851245849	23.180813537975144101	1
20.723967450384613187	62.743110808220940555	1
17.058718736381933923	69.712383495817960011	1
53.931017030969840675	15.928600034874076385	1
6.992261860708414822	50.033156235587412652	1
53.522053849572081674	55.743446286954920765	1
57.648183390741941423	47.682346581848896960	1
41.799103667009035235	19.446664117957830342	1
33.098118332275198838	61.770909695189438082	1
9.282178159834410636	61.888307428627072682	1
46.607667820872897835	12.254520918424809395	1
8.461857011940548290	21.740568175157722663	1
47.417736679785612353	16.760744543520466721	1
34.265769162258862934	32.237057445791606369	1
40.232118306851774037	6.617363856493304830	1
21.441370064327024636	30.309097033484487582	1
44.831882921264906372	58.720278678506119263	1
68.497680255882102074	19.892927363198314339	1
58.861798571625890020	63.142702519501490599	1
56.786605252695068202	26.212959931432244787	1
44.452821361110004261	61.455865944508261123	1
35.983735889845505085	9.861380576393875330	1
13.454335739547126138	49.111885715119747431	1
50.766040594777962269	10.770666842586139822	1
10.690136604656649055	53.769176518583918778	1
33.395233635332957078	10.531463666997559869	1
51.802873739885910709	17.860365421513105133	1
15.868650624103654678	36.905092194842296749	1
14.662330250543025301	28.309372041318848545	1
7.297303255180358050	24.243859179897523148	1
4.423162882294751519	53.849548118618436376	1
71.138896041637295298	48.739970756208975899	1
37.117848787124565035	4.333675186968624082	1
60.899351649563492117	70.277032869586903985	1
68.464414329764565537	32.684376908079272539	1
24.999572086933731896	57.709697141353736072	1
38.452565195276847021	13.234341813833104595	1
22.975072318904746993	54.130282595712557736	1
64.644829221306437717	67.627550830522039860	1
40.490383205182531867	49.300907601692543381	1
33.747018079362248955	44.117375039064540942	1
58.184045794286618047	21.112871220603615541	1
40.160973175917895617	65.499741605121030830	1
21.231166061365080111	25.993267575707768913	1
10.409061594003636841	64.350847647458436995	1
40.027148663800446116	26.005331667373457805	1
62.000438854345176765	47.595886261941693363	1
50.759715655742667195	34.834313340912878232	1
3.615809640364524125	42.835301742674133152	1
32.563621284524103316	34.316709503641284584	1
51.450853056513501826	29.692133172866508772	1
28.390087431064035428	8.600436114288118716	1
60.738013587799123627	6.345272335200768943	1
5.085632981995287238	45.059591990168080144	1
67.523772996619783271	41.798207956473788727	1
19.478327077413982948	7.518023092103875982	1
36.522212994025707644	68.147760504844384855	1
50.694692639038592574	27.062519370784080763	1
56.179428495453954895	63.287194541446183393	1
68.524608351906778125	52.643357734412987270	1
19.944431916211684097	45.296837329950022877	1
26.795762540193173606	63.977451822956084015	1
66.559730469045916834	61.649711015316214002	1
31.680615646348002201	31.682223281075309274	1
12.506717915743386982	8.687280358995312923	1
66.698112156764253200	8.217355385139025969	1
28.362620467321146833	26.227142256094833073	1
66.487738669782117995	12.801537754365476474	1
24.527863675552104894	23.928794170900268057	1
16.111194314928475535	48.806639633589007587	1
68.569546308564696346	37.216872243320985092	1
5.401426496883678041	8.452635902339759255	1
58.597869168863738309	71.721286549378760355	1
53.200287252787937575	66.468913183664270150	1
71.695005898763639607	12.731229273828605031	1
6.166119240186215933	35.411573140061584297	1
30.746280079891036507	10.032677765725015462	1
69.455703353261768029	56.388601950770905091	1
18.329058609210473918	5.186357505125974932	1
55.505700950840221708	32.764765103972173677	1
71.320286283076214318	66.086520379261770586	1
40.532104884462654582	59.850282992265356086	1
38.473574019724146922	8.717645477523383590	1
64.763048494325616389	16.068316951351444999	1
51.433206441811208265	15.202736133879360736	1
43.168285087624354901	49.085421361254745420	1
71.196239096175219174	32.759134893573211400	1
55.804886404874622485	3.606532556685399626	1
32.404702789993933720	70.351183969842452370	1
7.157227606660811148	70.972231741656059967	1
19.834019377153872199	42.602660170407332885	1
47.785049690349232776	20.457917650898810535	1
26.800965644463442317	42.922966051294785927	1
59.688733161904558244	10.556512132315223340	1
1.618373544585799406	50.366458871281423626	1
21.187578894420791897	60.106190456437822434	1
8.124953948473022436	14.808075257157410576	1
57.264324182662107887	45.092249064292502680	1
52.249648411372731971	53.350075929168127686	1
8.777550154077076172	66.582200628312747881	1
16.756968317005675573	7.382290300729493993	1
54.495424410846737828	18.535362771790001801	1
55.768672998725122625	12.112683041959458663	1
39.946677709445395976	34.993289362668747344	1
34.806714223355605498	16.853313706808354056	1
20.554737570375415601	53.227572470862490661	1
8.930600557026362907	17.330838771673430898	1
70.755041433076158341	54.084875532212464577	1
37.675761473998349516	71.375563116949919618	1
61.136368048826312815	3.714655464926124750	1
15.133670618159849042	12.249044924708927695	1
44.510731828471897131	35.588544875633886022	1
6.238565280292015736	31.072773124563628500	1
14.843667745474540709	57.501553091074470103	1
57.909725498486224637	40.464409200023936819	1
33.518921018051862859	19.274020957015640221	1
61.352785781144532962	35.135062158280817357	1
33.972819455880959083	36.643632778614559697	1
54.645863424773558847	44.688875762730525310	1
47.018723365001946490	62.558659484372540760	1
51.006309810509733893	42.065095462797067682	1
13.241903238117039621	53.195678479067161959	1
56.201863926725778242	55.311287594322848804	1
22.974803875997263702	49.532468901940710282	1
70.997338279728452903	35.404161103845261493	1
69.733076495607917877	24.352010757667439833	1
56.089906901794130079	23.621068051157354972	1
49.297237188343700609	70.904047817609566096	1
8.950035219104925943	30.910332804517178573	1
10.101869890834475285	38.102807727197202325	1
60.485882317656120222	28.836279911209995674	1
65.595719242183434972	29.346386709626010258	1
27.616851333144385450	61.179805097313995077	1
62.115086159159041301	58.882899274867035899	1
43.599502407625458034	28.678833139694049237	1
47.364630636253885143	31.113279958995519792	1
5.472784691375682797	20.062962159022845299	1
58.898300683887747198	43.034075419792898742	1
25.781289191712922104	21.478869639409779779	1
1.477402184536272367	53.047890542453806972	1
10.103711266938567803	19.678215115251102674	1
42.825244168085582430	9.958635655794060071	1
42.316114199393112472	53.464293390607153356	1
64.195736392905374146	38.547983273088867406	1
68.755443127101472101	6.533737799418105396	1
21.855023614336744231	23.442651740811822236	1
25.685456062871480754	34.838828376871660453	1
59.541110196298511426	49.447688661935991661	1
57.822675897497148867	28.760598721334233119	1
16.854638806596401679	3.051077658693051919	1
57.576347737411964545	65.600120560173806439	1
47.674791573129482458	66.835870411680431857	1
34.863606385992532921	39.296541738917575515	1
39.697035034648784801	43.820944481272469773	1
24.226829282538837163	43.458313302699345115	1
61.652483237709390096	67.747886762547423700	1
4.986129453720263172	5.874531191260719432	1
17.792509038222188877	18.901934401700987820	1
45.598943674927397751	47.969716304797643147	1
28.441880866490578228	40.840403063643861969	1
9.791083116513158657	8.982324992029230515	1
52.044744814900994356	44.558581591917118203	1
9.506997274747563509	46.151005345516786349	1
2.288022967703525978	65.765450665794915608	1
60.256370372208955644	65.464827691522614828	1
17.278493672654288815	29.100986199734780513	1
31.312034560604207201	47.981126329918424744	1
53.936048368537413467	69.059345515508439917	1
2.350801805351282248	45.203913801041665010	1
34.728251027532543560	25.288390636405306822	1
64.328280344025742465	63.116055281519393816	1
7.756848957256079480	33.284935587864495687	1
20.837447126715080259	55.908621736814531289	1
70.788783766985503121	58.637760603697337558	1
53.755702506374277050	5.355964035626362474	1
26.515937890200326876	0.371386724440515570	1
20.608467576289498879	15.602445241178102719	1
54.308328431193189090	37.576619304376798425	1
1.718458375050656795	34.331746747520448082	1
42.155179609978674193	44.994925902630853898	1
61.351104332836683852	24.544329745518421504	1
59.607009289879705705	38.356836786292056729	1
44.973605484776946639	54.052439962810055363	1
27.130175363049179538	32.509819977743177333	1
33.659739861825038076	27.802305562549186391	1
27.566097215855975833	17.465637645428703451	1
49.881708591885583814	6.253213443358099255	1
11.063660584334860104	11.300937503817898744	1
42.656339939264881878	64.009587003748819711	1
29.197918524053008582	67.951704497200410060	1
45.788808785860453554	33.191174041504758918	1
2.047924319253770609	17.101066958064674139	1
52.023071513249149689	58.065969743237033640	1
56.915754228421917560	58.814627176536319553	1
55.169491007116761239	28.369457759081804227	1
21.478054826248843767	40.323320839418407502	1
37.260330181419668349	34.843617656396943971	1
39.787814182096177262	1.318746038599614367	1
29.742280472690890036	38.481019685343952119	1
32.854409869217370499	57.290476145599704694	1
0.934703103166471427	25.739788931045321618	1
4.787209697076282744	59.132051651416141169	1
49.517071824827411319	53.320266066872690658	1
51.763093291728374368	32.361449480618787788	1
13.123374977131737396	36.976402843700945766	1
3.302785361798417973	10.121014519745841653	1
38.746474919481570964	32.576696100946172407	1
4.876025915724897963	37.691946525880673846	1
27.768654040488105039	36.529030266395558613	1
