71.743887569893487921	0.925000000000000044	1024
71.669022064462424737	8.890551406002336066	0
17.975287583158163329	46.022083739382352974	0
18.254503013288651658	32.416560893357903694	0
7.110027815148599828	16.275894482869901481	0
22.978408761406033278	34.588257244876295715	0
61.846184564760207536	37.221271707886515401	0
1.758302992940268927	34.175054101345409663	0
70.568729269386793135	63.334872299715314625	0
18.731364483386307995	0.976244551508686720	0
60.078001436044765171	47.068414669808397832	0
19.401478998488613570	20.518746191669215762	0
41.890130840813007751	68.257425740989560836	0
70.781179248909751323	34.053203986927229607	0
69.277075242150587542	3.740955481340539901	0
6.287266238805304219	10.127634573301024901	0
26.890523541343689828	4.552689389998239911	0
9.335624941655146003	13.310662906155892315	0
48.188587991474790329	48.538054087754979093	0
16.913464926907973762	23.939876067661696624	0
58.627827939906282495	34.067150837765318272	0
10.690933322571533282	50.745859761681813893	0
67.739301679481727092	66.817594137704233503	0
49.799974742855901866	32.538477288588900649	0
7.454259486664128076	70.094096028534707443	0
33.091480873330418433	54.082911554835042978	0
44.231105843548199630	7.985124216849578183	0
64.829105870714542448	52.715633123880735411	0
50.713251666162392439	45.542561901819887282	0
18.407962634171632033	50.535243782086794795	0
16.478550139449257728	62.455215258982406112	0
44.874940085437579285	42.839881693581723709	0
5.710329033577457025	32.891370254734816569	0
20.869606475926470779	15.873965851772684488	0
43.205379213098332514	56.444029413655748328	0
13.127014171116739405	42.505049416899375103	0
6.208475837459131341	66.602763113114974658	0
2.632402819465683219	55.625500317262677186	0
63.336095243888401285	26.631285623774367366	0
24.911853149845654798	34.666408239287200388	0
70.643644500163858879	10.543011445796706127	0
42.649324958468270097	23.418987445283381277	0
5.446358555418125746	34.779746537753801761	0
63.378700384336198681	59.829300515014999462	0
50.063750916505313171	21.142205479399532209	0
68.863594162157696132	35.174713281982768365	0
24.326720275368153068	57.499694393125523106	0
41.568794136831300534	53.269177841665332096	0
59.991618829166426963	0.177530384067164371	0
38.107987871796225932	27.963728426226353463	0
71.220584331784294818	0.307112543045204578	0
61.579784027603302832	60.478636229042834316	0
25.488352020822187427	15.538897320619225795	0
66.878264686237301362	24.931718876434768362	0
25.381324028988952790	22.178481494945735619	0
35.505679680273367183	55.789801050176038189	0
13.674295563402740328	20.750508034632563437	0
7.125601625922920235	56.765501800647406583	0
15.933703389705584641	32.743891621625024868	0
54.065914841092222787	47.379673744985062456	0
65.159443269485748829	70.541604760778881200	0
57.956113634097611964	48.474606899016144723	0
27.778834063363412099	61.302414877685123429	0
34.905252608221680077	20.733489971535295382	0
66.801570554534208668	14.131143839808622431	0
37.928532035596745686	20.265808584474491738	0
23.659801571687967936	53.500183572222589135	0
38.028185262390628907	42.311794782624467359	0
10.055182544550715917	31.211838851477956780	0
67.634713935263278017	12.402709303719058553	0
27.658322549233890442	66.921019957437238190	0
49.438250375342470022	14.909087382006418920	0
21.390855379562818683	17.699568046617255135	0
56.423895786604539637	10.809493025525958032	0
35.171970602206052092	32.802688560361815462	0
54.903626856523167987	36.361596131259943832	0
23.223837671885295464	68.226086148256129604	0
27.113789802160059850	68.786031381319531874	0
39.110400683992203597	58.697311483559751366	0
34.278171049343647780	46.570985348722608421	0
58.406096818392867931	28.226525989852184750	0
17.055538538242995372	67.062132198448793474	0
41.131491517531308943	30.207896323497699598	0
47.972408936414794312	16.198266843128955372	0
33.538326351290443483	33.845910642812739866	0
12.156479338592822259	28.245466427447350810	0
4.502233466782755933	9.391117471822196805	0
70.754168038426684006	6.887324628019832140	0
17.395280254100690343	36.076101292038941892	0
64.913476364586713885	39.426650754074437089	0
59.338129552696464941	14.514530839946692353	0
33.576365743352795334	55.993124742440400610	0
13.078865752715790549	10.686711671155732617	0
50.261816631164620617	69.560877622507717888	0
28.214201014090338759	11.943151125146151514	0
38.598267263975422736	65.191046995021437738	0
19.143741084826693566	54.936685291289741428	0
4.092530899820157941	18.206798915090594448	0
21.588724558090088834	6.853478003864123203	0
45.696111502276160365	19.521622403975595006	0
9.755133577870259032	15.238818311707822417	0
39.433394439791946695	21.426343236234306033	0
25.169727830482749198	5.464909188352152114	0
47.582437254326912068	42.093115801655400787	0
61.930830254165847748	64.116853427835550860	0
34.790561310376268978	57.573149655972471805	0
0.362697406651901089	68.498335243507639802	0
15.943795800203437452	60.603163546792714556	0
0.903701330543109638	4.688287338967117357	0
6.838690180350236680	61.329076557566004624	0
31.568109170671636576	33.792933917605260774	0
13.122711293751732953	18.914918577929515919	0
17.273525612611777547	34.120913943658450762	0
52.669721892701488741	39.409768373232545002	0
56.048108146851369327	48.008955904454921892	0
66.816988689778611388	10.608900554666526261	0
40.656101305329734430	51.560266223081519854	0
50.668925064237882339	6.789210547076903524	0
38.639366684315078260	46.655483255124380548	0
2.335089319216864023	68.652449368779784322	0
3.240560812373357802	64.677296414362402288	0
41.742204831896742689	12.048785326408275154	0
53.351683890906201668	62.862672551501944440	0
34.853407795711746076	37.345272423055412503	0
63.228794998538084826	70.737868613699490083	0
68.730431867156980275	10.823209297007915453	0
5.954082762336784462	6.202983933748544843	0
36.947564656167756425	40.642081057233809815	0
35.333250629107695318	23.126114943754689790	0
51.311908734980995916	33.705912900177018798	0
45.024976411047475722	55.771389979633731571	0
12.535503300172093688	51.260124510542532050	0
22.330720113856049380	45.390488046418724366	0
25.660693815305872789	58.958508363533105978	0
55.919962042029411009	52.462330163184738296	0
36.050331895382427660	38.872660466095915410	0
54.029124301369115813	14.708300219198894965	0
48.391545807308396832	69.953203004804436205	0
71.463901332897435736	66.627760207721550501	0
1.619340495468263086	66.819468313111286761	0
66.038539789125835000	46.920542430432398362	0
14.896364527513883402	31.068670205076664104	0
70.275946000802562708	59.507120412343347482	0
51.331601182524273952	41.506244855680620276	0
52.940596532138677333	55.945035675330927916	0
9.293530161480594742	70.743264269680750544	0
49.695059628234076854	37.123615849310709791	0
31.180675510527532168	29.928477453644301676	0
27.247493084709233813	16.376649224823708551	0
36.778827259692690177	37.051164149758378130	0
33.702152047114729783	24.229894317710968465	0
38.207107236162215713	63.274929643502282772	0
70.423607872025172583	26.344430587539971356	0
25.028431336617881442	54.933862233782292606	0
36.606563882214537387	31.443875791778143736	0
67.724031581811644287	18.622332483300386485	0
9.159018757762970253	27.949383198596905231	0
1.104852116322768474	32.388626728855321346	0
62.248496389562490094	28.254750309164865740	0
40.933997701822015358	2.782961622620757414	0
6.023999337707794055	58.403262526609346139	0
48.954055595941575518	26.305472892737999047	0
7.042871827263738282	4.610919486644447396	0
42.124905825852863472	50.341726162480071594	0
29.227639451801671555	29.748301388233493014	0
27.953469003115550606	0.998339289516373407	0
47.127749858071155131	10.598954186534687238	0
8.789813591143932570	5.493133098293050409	0
62.658883340230033809	30.183617921334509049	0
23.591007810719787585	12.191346182147762889	0
5.678540604204486364	71.304791158877677049	0
27.297713382038846675	65.039542257723226726	0
57.872129532471682012	52.241258525188797535	0
49.573049738338923476	55.798252364473277964	0
63.038461503965756094	13.387973974626577345	0
55.668913503713234547	62.614367383777420173	0
19.483419623366309281	70.915426818463402014	0
17.039557847818262104	51.951321075368205982	0
16.377357191686833460	39.732128733293578193	0
10.116825276492845020	48.921150829661527837	0
31.365352902187712658	70.558736442133536571	0
57.223245479206362063	68.051043321297640887	0
45.877834598328838922	41.139464345088228470	0
68.971903658902945722	25.080298729090031884	0
48.136138611642735441	8.962442090191236943	0
5.760047408683998782	47.539148066725537944	0
17.223719810664899654	19.394263801176194306	0
16.829213275596490718	58.876636066604312703	0
63.787532759855807285	64.620547690893559434	0
1.726360846674168448	53.948163889393669024	0
47.094596392343689217	52.973001094573341163	0
67.369278231946140068	31.037425997149270529	0
26.902770476666109545	2.611160028187498927	0
18.315557838823888659	39.747195257908686017	0
32.164262146729747371	25.462306542062389525	0
11.373808429475221971	32.625306152423831918	0
56.387317710995809250	6.102265442170249798	0
51.097725425920032194	58.811586155214321536	0
1.960892773665106947	28.415722521953586721	0
45.887252495670871610	51.407739968603202385	0
46.395862059853499204	3.236850974554596139	0
7.283880424097389117	34.232535276064723462	0
45.817995459747272946	14.949479970936918605	0
2.911849898777661760	30.153132626490219081	0
5.751312060288246819	26.396383006887067069	0
15.302862369959900235	24.987682652959506413	0
11.916816065914179745	34.494185574369730318	0
50.244416708938899774	65.256247616314652760	0
47.641881237504314583	14.269709137792180087	0
14.853640683216399410	58.976803541154787069	0
5.761198877199006141	41.881110885820767464	0
42.275907661217985378	8.163500519947463729	0
31.529395924688142117	41.838422027038397744	0
0.256848629026800279	37.424607160540688255	0
10.538371796464947039	29.307165925015816299	0
32.039067048809478422	9.441623704568518960	0
37.797021848477854178	7.365373883892116780	0
33.647661962912380318	22.246306977927975623	0
39.469702309603867718	15.658313275335544290	0
22.405184694157235015	57.884451516410706517	0
6.916347886450181726	45.930582265857673008	0
61.831039202907639662	7.098411000243275204	0
24.145917431121620922	51.592542499639968412	0
46.495732619532233798	64.223032235922545397	0
37.041253608647423334	33.333643577380783540	0
45.129396519121755205	62.819284098449621467	0
67.811583393829636179	26.616709113091992833	0
62.016582107019509351	3.335611782216975296	0
31.025362407838642298	68.661438975644117022	0
43.671746821396766336	47.318061842422167729	0
49.097884926474158362	10.691214351859860798	0
45.349228254890363132	53.823679112972172334	0
56.615751541988167617	64.307544758280428709	0
25.530624427444656988	53.029901031470281225	0
21.773689358258025095	37.658620393484838473	0
11.293130165258252973	17.122322871962442292	0
53.873311197674944140	7.921871164174380198	0
54.684834130377737438	64.264546665101150325	0
64.999443430393910148	9.932262876140786290	0
48.155753304760835931	24.492243089001007661	0
54.523861248732153229	49.252031498075538707	0
2.164270736353508529	36.097927020306897816	0
61.328557371397316444	31.705498158390064134	0
21.195169952354660836	3.286647476304227045	0
33.198423602032121948	38.355887174820061603	0
52.949189581703542729	0.847334644952790872	0
71.215142721447136864	28.134568805659373680	0
26.686371643954412747	46.731283829854703527	0
26.070999754083967304	51.163660700219018906	0
71.278554342395239019	57.867880838055086201	0
10.398803462390942443	59.913819105926805264	0
11.944753192632138195	21.549501874818812297	0
15.669026642027452212	26.897023829691612207	0
63.068917327788177829	38.738721418523709872	0
51.284977679807106199	54.909443887180643173	0
16.667676196297648517	4.197355109627008751	0
16.844926771956629352	31.034099582894217662	0
66.709535018032852349	53.336683762953271071	0
59.182088412844393588	21.654825696154706094	0
14.011200366853643118	60.770710098609761474	0
39.907447408293165836	1.174491789856260349	0
30.666060965218711942	35.516478784347398800	0
24.016736365405208176	32.927202400629951740	0
38.992602652424757537	2.895887415355727246	0
56.810675951343363010	56.669475384616610825	0
70.361945452286377645	43.204030282900909299	0
49.725557324129681547	19.277127918606240087	0
32.598744758643007913	13.188149315907356396	0
31.915299327591881706	11.371506858030716813	0
11.551906459772276037	7.450563993167176768	0
31.306565347000908872	54.881741491969954438	0
22.896317487279318925	50.035058122013651882	0
31.675694279237539774	66.571845567059739324	0
8.526824616160196157	36.873928121851854200	0
54.291740779438292464	71.215665290950525446	0
23.535510816899371633	41.785524833460492289	0
53.442085030289376846	67.390800732713586285	0
39.975241653098485983	42.641288562726892053	0
52.562284437961466210	6.420209705280549350	0
9.346225919311667241	11.337297706163578681	0
15.559436377337847901	20.406908235353029113	0
54.858615604085350981	56.438659051122343158	0
30.427086829957886494	45.605487465457791529	0
45.559482426575030445	9.422902629520832463	0
19.644260775869859970	41.740033659980845471	0
66.285560133231214763	19.947037755367997391	0
51.620586720187439767	37.437270916643868190	0
20.974621114048975556	54.261119295170374244	0
37.625052035752226232	52.968304493486542128	0
20.555083141713886619	29.941088675281928744	0
65.398625412132915358	30.775648692207703050	0
39.885365373785994336	28.732428853737275176	0
20.750209877561434979	21.954715604206267443	0
18.708698049585294143	30.497864111689668931	0
34.877940488907441363	1.788679366552885730	0
18.079035891026407512	56.553649667744195995	0
21.791132369261639212	11.460157821818020452	0
2.141300592140380044	18.204057200989343102	0
24.811169180540591839	31.118126344550198326	0
31.792948596552001561	56.754772610935333432	0
20.030984562849642572	12.294131025175424554	0
65.832939646732839378	26.693967956970976019	0
65.644538904547701463	48.836857679523340892	0
0.342913396825856032	35.474049630123879240	0
55.559179036322731804	46.137572073499093506	0
41.248276366206091836	41.164742960146760709	0
70.041506392282684601	61.427337597234952682	0
20.510315336109851359	5.157810563540276227	0
37.627634511546887097	16.257233191492435509	0
5.250467803610277429	16.654849152619771502	0
47.122581412361398634	1.450443742531691838	0
70.737912516174688449	4.978374311063326729	0
55.444471617471613456	31.815692811028320364	0
7.671289656770372112	7.061802262600125779	0
67.273620580333329144	64.957270942452495888	0
0.478092860622720217	59.579501300049422241	0
12.627339149151206144	53.183027186768576655	0
70.947324399517057714	32.092816240342827427	0
24.789824450791897448	49.733355961121951339	0
39.563233445257118603	53.121878739988716234	0
36.613577929154757840	21.663529336865842367	0
50.034419587784427108	8.625724702295539004	0
60.753550488048787770	10.335671169159153848	0
54.878165770312179461	1.359664417855745544	0
27.926974585144812124	31.216065009933668506	0
48.862531141368855003	63.876674326413606764	0
57.357363193436015081	14.580565358284911071	0
25.058409281478606800	47.835999372754542946	0
21.597470717005645469	41.752139035662693800	0
34.193132993880524850	63.680733958987026710	0
69.277304273369452403	27.902871725234064115	0
13.902359852034544829	49.906342413860002694	0
59.666488888207808827	60.214722836569805509	0
70.937763035867718031	70.092506718517782360	0
16.343190132320525976	68.839880917405821492	0
41.232224913029362767	22.117386061681806098	0
51.213786218290977104	56.873703951231895815	0
29.183497809932958944	16.195486727854088826	0
51.119859436724325974	31.129154353279069767	0
60.365912065656964103	8.393042326871057668	0
53.157207260043982444	4.595991485215189520	0
49.018181625285187408	22.739784323714442138	0
61.326729885726635416	70.533837722600154052	0
54.461152520235152963	6.072651321367338539	0
35.713136109110465100	16.518590532848403285	0
6.780640400102764254	36.138157786286086548	0
57.143784095195265138	69.966039071308799180	0
64.582771494799587231	45.612490593228990576	0
38.504459338430692128	9.181602086344877733	0
58.788297278230054133	50.562015745682352019	0
47.096437708000301825	22.821550786414420031	0
29.565908546694775083	60.686937863683354522	0
26.732594221387735445	23.576731129372586082	0
36.523567350671804377	26.821754627897156809	0
45.708018040226171763	21.429703824886146890	0
6.059418574151615999	8.177722584009080364	0
47.528582186090183370	59.777851381832419975	0
49.390682922738285754	41.398186266898036934	0
61.570710481939009640	68.597893892471958566	0
52.309698844549060937	53.282793299020923428	0
42.510956358929149701	32.614381972815309041	0
37.816710680261500954	25.364605116464261414	0
52.189060933789455987	18.082520415023473959	0
36.226542252330716565	46.540235407921947797	0
68.088574562226327203	20.638862412626714615	0
27.519040355465417491	25.362903436670610091	0
33.252407503007361811	70.022643669522963705	0
49.712375288074539981	28.136359165214205547	0
32.855758011588285683	68.103937504905260880	0
70.208766960564076953	41.310615254884382352	0
52.259680047070276032	46.678459299876351452	0
54.512004850247564036	43.653754831306784467	0
41.710104960779624150	55.197566987761433666	0
42.969036306505223877	66.648626555019276907	0
48.986328860506958449	68.095803000363076762	0
46.546213668529233587	49.547256313505648961	0
42.063673301103456481	48.394428638726012082	0
56.340807997796567008	44.385015213326028061	0
18.719559974644724321	58.398386255636538067	0
64.357123487086468572	0.561997688575456511	0
10.072699505540544607	24.129332929683421582	0
51.567424212265102312	2.276083648650911506	0
44.019190659166461899	71.031216522462742091	0
26.901062202178231075	54.428530783478130672	0
42.429288194281120639	36.131333384192878100	0
1.094523764320858072	70.492620472334252213	0
17.364928906271437370	38.037042382735300805	0
8.199641345816438331	23.595722567303983652	0
62.736920384788668059	46.186213839308301488	0
29.273125928894195624	67.919079037657766662	0
53.742100556613081608	45.433704394629280898	0
8.064686885346654677	52.839493442469084528	0
34.767689258957801712	30.923755883963281121	0
60.499103836354805708	33.504879736270588353	0
62.179051893798735762	8.993151383160407519	0
42.157912735994081288	46.095273205950505258	0
4.105995879119964442	58.643148939689815791	0
59.824547303698174971	48.959491167383198729	0
38.761201383996152003	11.100959313583636856	0
7.816671770397656260	14.501278223237006770	0
32.664337927651949656	5.766071374616640988	0
33.931833339698115992	61.743334899935661042	0
2.736776290894437746	5.207278266476202511	0
2.381230837756591612	20.101952553085915554	0
40.566804322869273847	39.348776652443291368	0
24.219017005536677800	14.047636708055462051	0
41.469186617567203257	24.902528524484790040	0
29.014392892989512518	36.521626120590752862	0
69.005870015073952572	44.595045244659075934	0
40.648638654482013521	32.074183869150168391	0
21.528746130850542784	33.310505910727428613	0
25.057598446698101213	20.281659468070355246	0
50.474301199820750696	47.478009795887111011	0
68.635380604106600799	14.781634441035837568	0
38.700707637780773496	51.343298971454757407	0
12.046011703037134311	49.339060913743352899	0
15.071538632507799349	0.191379702978707378	0
39.298920490168690378	40.834457515694232654	0
13.209587679940339555	16.997910584408931101	0
48.779167234042802193	7.106654238645321087	0
51.061084299800135966	26.743599639762184239	0
58.122599124203951249	71.598935495903930359	0
43.102778241621315658	6.377785162467776381	0
10.727040520886118813	66.353690363450596124	0
58.440457850163674891	63.674492858335902667	0
53.548689754602705193	37.702271405313439345	0
9.617904082122677778	7.277007882152844331	0
48.062493054418965244	18.220948431798042577	0
54.645046953833734449	39.337316477797315883	0
60.185392115716147998	67.180673300031131134	0
42.301315834694399598	70.158094170111681365	0
21.274286163228506297	20.061179942565765089	0
2.584803715186862583	3.240468150657050295	0
20.159407536692196317	31.880885313123812352	0
30.854615627857683080	5.073873073382904941	0
0.601155457162184326	14.249773328878251988	0
27.417298109598860378	52.528578180701195777	0
56.028844569504620665	37.921704371768072406	0
5.238359722112583938	60.220911677589214150	0
20.144597791722802071	10.379863129783082343	0
20.610794291877216011	61.931781357627258444	0
48.504314940607116569	0.128370209088352366	0
60.760348040805325809	22.752767154007159434	0
8.674830257921211540	29.835665351066086970	0
51.483264640157393899	22.399974442931270602	0
30.150670907182494318	40.241110782217830888	0
13.623117424777047901	46.054051466664091663	0
19.435844550378273965	28.348744202558908256	0
6.522261735154960327	2.699995202511919601	0
60.340312439585005677	65.193317234618859857	0
3.567724814222848817	34.794050066330136417	0
43.240513742901399041	34.409218076260422947	0
13.457016739747164280	56.902662502356427865	0
64.187278893209807507	47.532840755390786569	0
5.202568513573579523	64.889745778552224920	0
51.580673666242276454	19.924955155563182529	0
49.952245968527442699	49.339825021874709421	0
45.346094469441680985	11.339538531136595267	0
55.197634865290517325	22.772813267573678075	0
59.596795557818794009	24.294346850138811789	0
13.074680344063839499	36.104860653396379178	0
25.189593616387234931	40.798737867267995227	0
69.542732041431051471	19.334598803443917348	0
21.343195457576317864	43.693736870337026801	0
37.226721180453637317	23.507265042736779748	0
66.147321692038090646	37.903630098813927418	0
1.143969533635463831	46.854497107592571581	0
64.517131588342920168	34.500716491348654813	0
34.546457507646884721	12.843046821002495506	0
33.372715242087622300	42.464456566513618441	0
35.187273034387089865	44.866580355997207619	0
23.285245981081690303	43.699684247720590236	0
7.480348671917234071	68.115179440976049818	0
10.718473906861030187	5.649378938561770980	0
38.960355049777412262	33.043249640434481762	0
30.746120746382132438	43.670095747020788224	0
70.562259194829607623	14.996218926361109425	0
43.519763541758194947	54.500255785070201853	0
56.557267525921353979	39.781031077296979959	0
57.031828448157128264	32.947968313750465086	0
21.588973985645683484	28.293902378867951342	0
2.272781286631869957	40.632415513451412892	0
35.902638649234027923	24.969869979376749569	0
40.534340983122120861	47.174911346203955986	0
46.624298211420232008	34.833763940262763015	0
56.697081130344898270	18.351452005311230664	0
56.163710506789250587	71.618847841887344430	0
15.088567750172639848	42.494950352931226689	0
55.665151840931869742	58.209232794105361108	0
37.198696603572372510	54.848538943326865081	0
69.520003191813231069	39.515971765409560135	0
32.058609436663822123	39.946332476898845698	0
25.209756303319164061	3.537659882464351480	0
70.389418353064044709	36.357432952149792982	0
24.812627769665830613	69.361018240018964320	0
53.433895833095711225	16.585076805863597116	0
6.329204539847705036	49.437755280296272531	0
8.560846916508108251	19.790812021884075733	0
28.534851457187773605	46.128746768233419573	0
27.166856595149862841	63.122213325825590857	0
14.116987499005380968	44.182205654958117691	0
29.603181121684386312	42.100303667875465408	0
28.756298656543229697	8.220371236765817713	0
21.424515377752523904	35.750184474241621047	0
13.653665099025687368	47.995449185884062615	0
25.426622206339839494	1.364401396789020282	0
1.702121044332221000	24.176615592219359741	0
65.503403612931435873	18.194838943024695510	0
53.458922097713490018	2.698514391663022760	0
2.544882317884417766	62.897376327607020130	0
51.961900514705440912	8.244454112499694176	0
46.159024044353877514	13.052878967983989611	0
47.971021869892361167	12.337675826458912809	0
14.255122939530506798	69.796446840975264081	1
66.227571551142304429	58.186590319105221170	1
53.501381751898414052	21.227661355769235740	1
39.653922180234758343	67.983341353719310973	1
66.670053346915622683	44.650223439822354976	1
0.431663628792540333	16.635943015373541698	1
20.773620959672800979	59.572719490690033695	1
29.106570477091118221	3.276562211534268076	1
32.925825697057035768	36.046309478045316155	1
36.128680353677218307	29.109624291793167572	1
43.438513963867258383	30.477602750314549240	1
10.347611905512252406	52.997780360272898292	1
66.631761498786715947	0.582626360521733333	1
37.669721598180146316	0.708782029611597197	1
31.027901282250937243	18.015712403449779089	1
63.736055720028680582	50.564149110130422571	1
39.413137886029012691	55.392271219700049301	1
27.469877080464023322	41.214987419704883109	1
57.153553554113479152	54.414328108901528935	1
15.291286551531316107	18.084583688575609273	1
20.284607537900836149	46.433986313654102673	1
31.153610350367504367	27.616062857844372758	1
29.021500784939934903	70.200404099044774853	1
7.023230061756576603	21.576996918029113459	1
63.247234721479550501	5.271878622770696410	1
41.166198392844030707	5.076632441484683511	1
45.938237618198492385	17.255772695100692005	1
10.773560735596230842	26.323184441214095841	1
66.389131350593416414	51.027648780118781247	1
33.970097313658001781	66.045207979145544641	1
26.356370077805944874	32.880790401080609797	1
45.292652909596981203	38.838089950784734583	1
46.158488193852406312	30.454171555081188671	1
69.139738247926629811	1.435309621935756397	1
4.645854695920142774	20.433527045641209696	1
41.311970438046117238	17.070225142931718665	1
22.457793588987261302	31.215969048868107194	1
59.339925811223267260	69.343658521424998753	1
35.078905430476218896	68.567616978577603959	1
27.041167084599582182	49.061885955166850692	1
30.978137260186198176	7.411002379984581445	1
25.798002390456705513	38.599383980639721869	1
59.857405798965082511	36.024369572504781445	1
64.490760667770899772	28.652032264508306980	1
19.503583519992279349	37.133211041615098225	1
54.325942591255724778	29.795933759605492952	1
22.838600462184423634	55.646854775261175519	1
56.235496681096762472	42.076090148343013198	1
48.079631870840223939	4.871747917684487561	1
37.391985699675544197	57.148598094826304816	1
52.761981927288083227	35.463366740434928204	1
4.052825675729875954	49.880558727005094966	1
24.537178317226796764	10.050289647395430848	1
61.226411149336492201	20.448874404181523801	1
2.006499465087742351	51.684730575548421427	1
60.363184735440029272	62.435291431597129019	1
53.388714206809190443	26.719641924475276085	1
18.621693140896720564	63.247883675977909945	1
26.544988769165620113	7.354742429682791460	1
68.526394153248588736	49.459952051333111456	1
68.583934769347763449	5.988104900091690830	1
23.482897016558389680	59.842636555486919292	1
7.228115336004587554	12.255733373498769012	1
64.109637475168227638	7.776704810689358816	1
9.109848036532770976	61.793348776041838732	1
44.750339953523628367	36.198729945952571541	1
6.468385174889187184	54.464700512547530309	1
34.204402568111433425	26.552275442990424636	1
66.938518799186056185	55.647518584905256489	1
9.037799072621643504	17.488580936280598621	1
37.517658658854379894	44.600923351111610771	1
55.945518247450621629	27.670731369361991625	1
40.890136869580338441	34.375449924149059200	1
29.157855701659961767	54.001646168537014603	1
37.224139864220916252	67.080588184650807193	1
53.655318736601635976	41.477464261139708412	1
7.219208087863755452	63.681602358243083017	1
6.898109684400258956	28.387512510355445983	1
39.511002103954346865	23.732023421404257135	1
0.981834916220760801	26.345524927565744377	1
25.530258195362190321	43.085117286403111336	1
18.320461856793020416	48.248710767776344710	1
15.218970294906375429	35.155599915520497234	1
48.002241001023037370	66.002581769597910011	1
40.069182205253881079	7.432819642148625228	1
58.506971636044795559	43.548014721693888873	1
14.724413315754164344	52.089335016696757918	1
65.477574967978483755	60.734084907485097915	1
61.887509245532847046	24.804594679844083061	1
14.169243734642268606	40.399265097107395661	1
65.650692149529632502	63.353542798651595547	1
11.637351963475735417	70.496774154563539128	1
16.386395410268917772	44.403030181733477377	1
54.155552293853276069	10.243506114542995533	1
4.843686481901747776	44.899504826662621326	1
50.117479186524313661	17.080247634851740912	1
35.295178852225340904	71.230049593925357954	1
15.819435201645866584	47.066195574035347704	1
65.540925961001605060	42.179677991751916011	1
13.987322753486777671	12.876861185791055320	1
19.237689476395910759	23.760163642310914156	1
64.371860972562956249	54.998141636990041548	1
68.806197225938447559	52.230576858886415437	1
17.317240158354263002	16.306059084397521275	1
11.009708184315437407	9.669991628518101123	1
0.272304008345275461	55.717317868885118060	1
47.455319325592753898	28.126451762914385313	1
23.787069064294474430	71.438760232837893227	1
38.507268599918489826	60.946083491974079038	1
70.784872261434827578	47.901225419114389581	1
29.461090279734563069	62.986452700986220066	1
12.440159599463951778	38.381314057927326644	1
60.801527470752674276	17.798961818213559383	1
40.733342219632028502	9.973319653133410512	1
10.393749320240489808	64.079336016119057717	1
32.084549876840355864	47.266290290983697275	1
43.358245303872500642	10.237256864160054093	1
49.380285227742525933	53.505004773292419884	1
13.428764527123799866	26.306373746646134038	1
33.923681535466712944	15.076104576313337446	1
2.886008754639458385	60.575413672248899388	1
11.414561078488995705	12.331808673772833629	1
70.977805546223095234	50.539848237118249585	1
14.906329066716940801	22.701271600406112583	1
43.304391455640178776	64.342918276721846382	1
11.686529748672317197	55.355998316922772062	1
42.277235428646775972	43.272669992863576738	1
19.142773232501461678	14.380347352255572702	1
15.590509066257816073	6.268198263540999626	1
36.703559311172639923	3.218777957946644008	1
47.299898623495302274	55.321028297940735285	1
22.053055918475394037	9.173114199121769730	1
4.811557355713681261	62.533784146605469800	1
70.256014410401675718	21.512853784297483628	1
58.002870308568411417	4.449183029877824325	1
43.139295813808992364	3.371094910268672251	1
26.444144949368684649	71.008772445660895301	1
60.360545076686143773	29.572071826564510388	1
37.540984609081668566	69.740353118191364956	1
63.939856403546876606	19.939704840953798026	1
1.079403790767918814	21.966199145168673112	1
28.412329469949554550	38.725634245039067594	1
1.275058182165493603	7.003899959773390194	1
0.541863768339284291	61.854016094032402862	1
30.064425662611306223	31.972723497349896604	1
40.529890454891209117	62.831589989303132882	1
7.874090487005143579	40.957546939367809102	1
51.746020082311517285	15.009371540751324403	1
59.106693138573604074	56.252905005806809413	1
16.602253111943447550	1.889369435191174063	1
43.388167141521627457	58.752789111636502639	1
8.838331878757429649	3.190236527555101453	1
65.893129624273271361	5.690179433381223895	1
71.101324654809246795	24.100531253113349095	1
33.707876552057356889	17.735072841848975145	1
1.953715470515260177	57.834954680491392764	1
60.818012776999729851	12.674243585869064077	1
62.535352739737660954	53.065005481112784480	1
4.229832055463061735	28.178728794316651118	1
3.050223891776863816	16.111025578238034939	1
18.291284149519299262	60.663149802460907267	1
15.802644446273456325	56.842459663363065658	1
25.912284987942257430	12.397224826067031245	1
48.504480800444291333	46.248751222571065966	1
9.685084810013556478	21.840913936018615971	1
28.742023318714295499	5.914969528659088205	1
63.928526609269042069	68.556986335540770483	1
43.562010945559222819	40.918849079337299202	1
64.655417345265249196	15.006889227692120414	1
57.968184609176837796	25.915528004100604420	1
30.009545382953351833	20.521680396300514104	1
5.951458134639560527	24.098648177842111551	1
27.174611625304837759	9.930784794056316755	1
45.360769089009068011	60.469956536149645387	1
58.703196807365422671	19.421791795776574219	1
69.547332865609334362	30.208410808421792382	1
58.352171873142260949	38.236811534858226480	1
51.034409702514921037	51.381940867876799928	1
63.029001066506559425	22.437138061556748170	1
11.496742192427053197	40.865599481722917119	1
42.091746855227626156	28.063909747086807300	1
13.001479968640293094	1.136758802269376423	1
50.493724742176070208	24.518975985964789999	1
23.885003498906151265	36.742037196774994356	1
36.382402577011411893	51.008603274047480625	1
8.121977216480491535	59.304705242320501668	1
35.340091683525862720	53.502293590628205777	1
55.600008903060540888	13.007676984269087583	1
23.866564836480744560	28.961316127012413091	1
44.273178705861859328	49.535922063367969770	1
57.166867116118055492	1.940590841404614908	1
43.039238684191687412	61.725311233330316441	1
1.486617334114033406	49.094830802943185688	1
57.010927809404364552	30.100170189742993188	1
57.679857882370662026	61.443945377825890830	1
58.200439509348612432	65.988876221399479505	1
33.745866774784872177	51.411665647199797036	1
38.284408560002113120	35.286596533161073808	1
65.292740495511125687	12.370133365546690740	1
52.603488153229641000	65.183733630635686040	1
47.816428845623896393	20.567497934757088984	1
3.450578309478735228	47.216031491404400811	1
50.229243073808682141	12.771275998636397730	1
14.255053777433669637	63.067657093042257088	1
14.291493553912753001	54.721795224345299857	1
34.627560686950886293	48.863254377894243419	1
66.579298572319814298	35.590166197806908599	1
13.027964937553988989	5.722764901829139994	1
36.440268423009541721	14.278485263662297200	1
69.688373292269275794	68.099702861117776820	1
18.923780818170921947	65.856175137660613927	1
8.465289078558466684	66.027523959542008924	1
14.818625703257023218	15.394607489484476659	1
52.951261556969917876	12.641299659374203301	1
31.557888470813846737	23.183797422265133292	1
61.706248291569302467	55.612526425469773983	1
57.492739397090097953	23.215355368521294110	1
25.407605804475707600	67.134310135268080444	1
14.433719245628779504	28.816602255995654502	1
47.538096672188260072	32.726764128568568424	1
43.645446765029973335	52.167707219098460314	1
43.827809978119759649	13.099431344524987253	1
8.967716262081498968	55.287783388958331443	1
47.764422151997266042	39.746368932586200629	1
29.862517022587848459	10.262053240342229543	1
69.328180179715502618	8.626951371583707839	1
53.132161980904349718	32.238832537286484126	1
25.129749973968408483	64.174130811805042640	1
37.355302518824558433	48.559908121961356642	1
31.785286169430758463	2.996945921963144244	1
3.587252797127145509	25.553963399499625808	1
47.423190907159501251	62.109486829510210271	1
38.490023943232827719	5.184080591893046375	1
69.944875110382966454	12.792819919132764284	1
23.908044548126742512	7.381238354603608443	1
27.898253881881963423	14.218932564042539468	1
3.969743558495247182	53.592129730727570802	1
33.712656749313993032	7.828287922061686999	1
17.141947919890476726	28.727538339781244048	1
14.418706614485641282	3.449965594046422002	1
12.797274994866681297	65.278220633704151510	1
25.718410664368349217	26.854768066806098403	1
21.050307000163343218	64.258658823820098860	1
38.948864137794544149	13.378556197405854888	1
49.687264102529709930	60.649267198379121169	1
33.472627836889827790	59.459435780714919417	1
9.758344661550728105	42.836970400206411114	1
25.711539613445690833	18.037647254066520475	1
34.062148986462233324	10.563690757121438679	1
28.381083762207978793	18.382412304735495923	1
30.933798455577779407	37.875528733183159602	1
8.376114379819801670	9.244530789116526037	1
36.297808182225288931	64.683594810179570800	1
7.233345763583366228	43.643613762702990755	1
13.737558507228152749	8.387023818939223219	1
63.178711990340175930	40.995362591677654507	1
51.839841633393135112	28.944964359216896810	1
48.330762949360462244	51.002496625910197281	1
10.737068011979410187	36.427910255580570720	1
38.881853930966407518	18.180628090776266959	1
68.921886307196004395	57.573108313627074040	1
31.331903978591700621	52.531056666762992791	1
69.449961754760167310	54.904577652065384541	1
69.543894039867353740	65.367939294969247044	1
68.191738483590100373	42.426260229998028706	1
48.921499476796412864	30.367985055688073714	1
21.912609672192495225	23.998657512228675159	1
43.560330032595402372	18.546460472673047093	1
34.194703098757528892	4.036688551247321399	1
52.406350424848625380	60.741471201694089643	1
53.348897240996947744	58.230977945358347370	1
52.532251386398954196	69.728591489588254149	1
9.271562866400255842	45.488873557494507338	1
55.055845794519157721	34.090590148823217476	1
5.437743515365775160	14.321188234444948151	1
29.333949489083639861	56.643528416294358863	1
2.186438254092518019	9.575375475755700805	1
49.385373048243877747	43.670562023550083097	1
38.764449065240384584	30.709913703800264528	1
1.724283505248574100	1.046156712714709114	1
18.255363479629046708	5.899364445188705730	1
51.001755202326073402	63.023820451404162668	1
24.584990430727248878	24.339904641551040498	1
5.395780237529077539	69.007764959021301365	1
27.282552352141610896	20.810467491618528157	1
57.905568355105963008	46.163935125053157549	1
41.096337541290637319	19.773699563611096153	1
71.376204849073644709	53.099827966507042731	1
44.791120115529587054	28.140746320769956412	1
31.914973825665494900	64.220850537597115704	1
64.591335479127678809	24.668971305230851243	1
23.099992328017570742	21.599862189912578003	1
31.325804029681151519	15.372310190869329816	1
63.248205761352245702	43.705624093865601765	1
46.747913942921272223	44.243966824626681955	1
63.182668138200561714	62.179861787199250500	1
61.040612024356640575	50.925876000138828203	1
57.143274603356239538	35.828806300210509050	1
5.397384749888101574	30.609587183596264737	1
4.428171018169790862	1.533354209946365954	1
11.840822113261275206	44.459481743205110149	1
68.279496911035735707	62.888437878961362060	1
54.422946771564049584	18.698661367109952636	1
55.085324282581630939	69.028871357275662035	1
66.634245708848808931	68.796860662964562039	1
41.426688374122022651	14.358675990708032799	1
35.858945738687168614	6.129300634306450668	1
12.398003776760885941	23.824741054822421660	1
60.812377443005885880	44.912718325027107369	1
68.104900963892561094	22.978271456232981507	1
19.523771407455068783	34.415979419088394309	1
36.191829365783149797	18.778290210213192779	1
58.384736317142973405	16.681411230678644841	1
62.280227053302489537	34.887556842616490371	1
28.002643449604995851	58.989350544655472675	1
41.000229220141626740	60.087359484194571735	1
11.494491448237610598	47.081089731107432783	1
25.516652190295573632	61.485905977577530734	1
44.867702821429951143	32.817868134040757866	1
53.131482840341909935	23.971812185264184336	1
68.423365838333040756	37.512405042714952685	1
3.899152408624341870	66.863100620844335253	1
18.891125019257628992	3.304052478033303153	1
3.907658350892588395	7.196971986852637393	1
40.890723747367474061	65.560737844886503467	1
61.610455569797061059	15.242287917958798005	1
63.539089987523226455	32.367771386434924352	1
6.563932741871396637	18.577054794122410897	1
58.500416444152257611	9.759250115116499202	1
19.639849375266358322	8.129164473266643043	1
0.864135901686494234	64.573097622191312439	1
14.805418482314136597	67.059655039396844245	1
36.167061642067203309	8.937820492744121381	1
16.176353225770540689	49.786372753028864224	1
12.345083557201885327	67.945231804437625556	1
52.140716098948672652	43.715772205988571386	1
59.837029761223760715	2.499669914157444772	1
59.821928209622008410	53.575035749226962878	1
13.649272957121759475	33.006364936690012257	1
8.073736737185033263	47.897101828127709666	1
26.481501458449987041	29.459127703269682996	1
29.573769758852652245	65.625715912528406193	1
11.862711579328410139	61.751348432925666998	1
24.642356183532665881	45.595699773334075644	1
68.795445710271195594	32.860430549909665388	1
32.889909604321680092	0.582517081255236269	1
16.932782415316395941	54.291306748775433277	1
40.167425852297881761	44.912070460078830081	1
44.847651278279599296	1.445331604789054314	1
51.142876566714583930	67.403892223179397547	1
50.831019118652989164	4.502982022391115891	1
30.871662706010955191	58.848660765283348439	1
3.557926493861835571	42.520165745524906242	1
65.404155110734819800	66.314995307600341334	1
50.787808297881873898	0.077276241271400967	1
45.249689393295412287	66.172820022837996135	1
21.593100344405012692	69.976259553186935136	1
4.762151329892735596	56.451663724823056612	1
10.347986293284821002	1.056334848795699610	1
63.381186093465849751	17.316762082561556468	1
56.530891811615866516	50.290847453289636348	1
0.794062777240156170	42.421675479480676074	1
23.265595231027791812	39.458030228561867148	1
3.601150265358203928	22.852789031209507442	1
39.931872923298293188	49.377500908579442296	1
8.051153616329230545	25.901753948853631471	1
41.072963891900556632	57.431587520219274268	1
56.154822532619533604	8.427005831065518038	1
69.517696744430921285	17.049045679679121434	1
68.073158235649955827	60.174765499197782503	1
17.323615187593738085	41.862696086554642250	1
32.644523084345742348	20.189117419055541802	1
3.405670587035941388	70.738382231352005647	1
2.800404844361990886	13.539453907151603573	1
32.841255768846686180	44.703062411509066010	1
60.851726645664854232	39.381504820543383971	1
4.541964695786989914	39.921219721518596657	1
17.019544610540535245	8.515048392956323653	1
54.427924410311867121	54.173895644956296280	1
44.910920093680203991	23.531861790547985436	1
22.708338982239727244	47.707138506496718833	1
57.929708541595516635	58.715008031909789565	1
56.296075906398733935	20.704890303027767118	1
0.107214166662823449	39.743240678889094397	1
66.714014541731046393	8.276154064061962856	1
20.402903877939660759	56.828352454694332607	1
63.593973061147913484	57.551889256481977952	1
46.251346220217783411	25.803794964849597449	1
52.257902036204669116	48.996779774039417532	1
21.838355723239512685	52.083221472578593136	1
36.154120779636997440	62.113871328550203543	1
42.198588920940473201	0.773615950305847178	1
18.691865115909902073	68.720070870806566177	1
34.328837469108478331	40.363057638927635651	1
21.042525537562269733	0.908460801359193604	1
67.199914240784579533	39.961464967976532137	1
55.542677391180070856	66.395493770965657632	1
60.883723410410787835	42.250790467532276296	1
12.521834269077496415	59.019657680750661655	1
50.382389218404199482	39.348741799780050599	1
47.366291250466581175	37.044707054066016383	1
29.854598956513381580	25.323600730192829644	1
15.052874838882496888	37.813259558793284043	1
21.866488210825838934	13.787887691855592820	1
58.516522342851118310	7.051149755423103294	1
31.608563825354156762	49.870889610115128221	1
7.818901724743251513	31.957374839010892487	1
60.372773279599805107	26.930759777020515600	1
32.666809156645832957	31.723924503659244323	1
39.848286850788348090	26.454699593208751196	1
67.028516480825572899	3.245750273872612723	1
17.791744939795808733	26.081463396766185525	1
26.546259750634938257	56.731911387880423092	1
68.659822845556433890	70.561612240044652822	1
55.390364153881606057	3.948781628728981641	1
8.396018313929900501	50.554495108746372978	1
29.090584624920300172	50.905705243790045245	1
17.169306551949031103	70.983390105227826439	1
46.497513783567512746	7.329626577891896311	1
9.740871849550673645	68.478616673511950808	1
38.328432387297851847	38.753776085154058251	1
55.730076294996919728	16.253117534443198622	1
35.514923714939726551	35.105959188197168430	1
11.576549797875497205	3.460524829400379421	1
40.323963864509629218	37.023938583914450362	1
22.874065523162549596	4.916511371426954824	1
64.161572081043658500	36.768287072932984927	1
16.635322950365612371	13.412022595021811711	1
19.186750518156333811	18.200905551542536642	1
44.132846820405312371	68.700163913354529654	1
3.414423899068613100	32.461133859983959837	1
55.506192127734763631	25.050616744313597195	1
2.372667225248265677	38.358225401490365414	1
21.027138214909466996	67.409643917143398539	1
36.537678513984687356	11.612469181340305369	1
46.151879532498341518	57.840831459822915406	1
49.237492335572540014	34.844396887769683246	1
46.330885718901669179	70.988762433718378020	1
36.173101612545835337	59.480442214691649383	1
58.613140369952716924	40.871791403963456446	1
28.387550818916103879	27.563606287037515585	1
12.110223412755463102	14.927173813715032935	1
9.642819112066797871	38.913790122584394737	1
0.135007370038487090	19.358803310956350430	1
30.232394598749884551	0.833959272831269804	1
45.088169310048016314	5.136190552968160183	1
67.135667241768004487	28.790340093014993528	1
43.677193800678182356	15.815905273915175755	1
71.229114747286033094	45.281242826178768723	1
40.060452557661371031	70.643626215021228631	1
26.725345398129736196	36.090470515523669803	1
17.456435586382152536	21.716727175065589250	1
20.610996751187144582	49.637800052441370724	1
65.625919983108147449	22.143900853585975597	1
19.056817958246504929	43.980953971736930441	1
42.666985272250869343	38.402216175580051072	1
62.980223937112519650	11.090807361370718098	1
60.944603937208299271	58.239846280040964643	1
66.940763601937007365	16.420037957659303629	1
10.888917708859947808	19.443619226917274290	1
0.758882900170250396	11.876624508969603866	1
71.429213303644317534	2.745219075633202443	1
64.346180227034125210	2.852006673248468793	1
23.219754376650392658	16.185747450037325734	1
0.527252223946250598	30.184830997568266042	1
51.447571402746497427	10.446867928399095504	1
45.997430757566981185	47.256889547902581228	1
7.683742492812405622	0.698609525621563865	1
43.403305418086389977	21.225949067718527630	1
28.115367976384430193	43.875436297642018246	1
23.124139415650578400	65.858671355024085869	1
16.364584552433125708	64.811371733384248728	1
10.226521581768320601	57.616312503975194659	1
23.295853852901853287	2.296709946984088369	1
12.456444166547859353	30.590645567112726866	1
17.989263149347056725	11.095938814187878307	1
66.159982398439623807	32.958453104224211927	1
20.414500266170339415	26.241986012354882263	1
6.845709812548007811	38.481661967350461850	1
31.688619015089276587	61.497386058687837362	1
62.359139710979732740	66.404831634912014238	1
55.085524972134493282	60.410278583586951129	1
59.002959764609343551	31.796063007332076467	1
68.343461224890134531	46.794000082329972656	1
30.266940737009559115	12.958446044472397674	1
62.121378023837230842	1.037313127359284604	1
46.729792140371586129	68.362371832249223758	1
20.599936262570174961	39.636744155441100190	1
28.691848667767914094	34.234519339405082405	1
58.187798462393310217	12.411651846767318474	1
43.546995570128565589	25.799885472618814930	1
5.974440958521968881	51.775093835777980189	1
62.053622162511899774	48.406619960453028284	1
4.761804228225843261	4.200786485173924945	1
4.597019879921838026	36.938081012413910287	1
35.708687690959997951	42.623777688893788707	1
2.145318094012177212	44.786729220555983488	1
49.230954032733158954	2.360854037710982567	1
44.252523974344967428	45.097982336998875041	1
19.239701408210784450	52.665291319158804129	1
23.255668375425646133	18.912319209043836565	1
48.920377847903885993	57.977042290878124220	1
29.552394922303001579	48.183520333177575878	1
33.381331197437447145	29.096730426951459947	1
53.788494231527288036	51.466169198353838965	1
60.550021763316770773	5.171144379067301955	1
23.040185973404096131	26.463409093675700490	1
22.992426763373202903	62.470642028189935502	1
28.896944171578063276	22.907516460777522127	1
9.569497886165862610	34.036199352243428962	1
4.596976454766918074	11.682134055546343987	1
15.371213130778782485	10.596827764663609983	1
