71.743887569893487921	0.925000000000000044	1024
3.062560801087364837	25.336640510778845936	0
48.694302345620684491	60.886955622907265706	0
4.573080456639629254	10.958914952857773173	0
63.870483709530731176	15.790457847751198983	0
14.247541084818621471	61.854008997110412338	0
39.495824200207657384	29.833900344572096941	0
4.471146520770279409	23.995402333980891285	0
47.361115881260744231	49.588708391595773151	0
13.678013081107382121	65.352752329382383323	0
39.228252140823514083	22.568843668316585394	0
56.947957574306165895	10.742105838804652862	0
3.149868525095754102	27.286787938638134676	0
69.728393040290498561	24.749613221218201176	0
28.443132325778993419	5.311168662004737584	0
43.561289643776618163	67.096478027888807105	0
63.714050051368531058	39.639122178511492223	0
40.724226919088494014	64.858050639021769257	0
17.248600985381649764	51.638653725289749730	0
31.436018766034148797	57.608879785733130063	0
65.770954002473629885	21.090170913592356072	0
44.743677388986434096	60.052688505570777977	0
44.091180371472347588	29.681864596676657442	0
55.730434087470833049	70.315486465189749765	0
23.696303303818439190	50.701462668155372171	0
58.149830174901566693	9.199085247702386781	0
3.778160213775458853	17.884009771984608506	0
33.064542466449189817	6.532246054454748041	0
40.415519655305004676	47.702113786800659057	0
23.273680554754651695	24.670745186970560070	0
53.871959865565791858	37.238566841864468415	0
10.049052816227181495	41.010281849553642530	0
1.433059727765320757	41.992306370282996397	0
24.194107607745401367	19.506572082241973476	0
1.544508835629059718	20.457698824835713225	0
37.188797721461888557	10.206438526557136015	0
5.808606845852946066	45.163772389365789195	0
22.667821481747836287	22.836290792496452440	0
49.147344709071894897	44.307740215425688746	0
51.469829400191819957	17.202699799379008283	0
32.515573079804447332	37.268216824475857152	0
45.340034667288918513	40.150724553449457233	0
71.545831801615761947	27.588129172810639034	0
49.149744241884469886	3.406544118383744379	0
20.833418465368982453	66.167160282441898289	0
68.971651357466001286	12.534999295201394887	0
64.695385311255080296	70.675763306374207673	0
38.519589240828430832	47.316631618367431145	0
20.503070565601568376	62.030144754731445289	0
7.344543398419297375	27.142850604457326114	0
26.854795267636017542	37.175861557827296622	0
44.502880132174681194	68.802325011839442936	0
45.083860043282932395	7.121731260869635705	0
3.331172804524400011	62.373297014840048291	0
36.160516793781113165	8.491327025952660534	0
18.775148502486320723	56.245700571208587348	0
33.874190542675833626	53.738644128821903223	0
57.150655217085649440	34.219032489442852807	0
35.042873079070766096	29.414087104525123095	0
61.462524097055869277	29.525442318357146831	0
45.004723584641475043	15.994374252881881304	0
19.718040313165587918	3.712763037833137325	0
24.720120839284689396	30.454589231237982005	0
23.494654220950124568	70.171976470510898594	0
18.030304788967075780	53.439883910573236392	0
30.877827361500457926	28.617310537587659525	0
70.382397213790667934	59.604920948608764775	0
45.748722566608613249	36.034495302161865027	0
59.122911135618572587	4.631069264711470623	0
70.154055524644732600	22.132969260106495568	0
59.602457392164254202	60.383370070429421617	0
10.625561135018042336	33.478651911847656208	0
69.843294028878972313	26.663728579957112430	0
65.086154046832959352	50.125020625211831771	0
43.512437777045192888	1.003650634543471032	0
18.203237940767898806	42.633605035922954585	0
41.029866507406545395	14.728536673746537744	0
44.393667025999029363	54.377359436929474157	0
44.051150917077620761	70.681404962923224389	0
51.608271141024303574	54.197811461434802993	0
3.006348945383569227	43.088963167849641422	0
53.242612823519330334	5.477538932247583148	0
20.438227027415763359	16.790606965418035657	0
36.760967046604804409	57.371412546221215223	0
63.932567919898779962	42.376703918564267326	0
33.350146274097703269	61.808275627256236362	0
18.909462896587530878	58.185322864029373591	0
29.771987118613193246	9.245768631319968733	0
59.895016387451384787	19.472126846094788277	0
24.836707355808449904	55.276407300849577098	0
7.129697600337501662	34.395583595197173565	0
24.021006115024167826	5.353130707346107187	0
22.259427073950671883	37.842585193252233466	0
57.551912206146859319	48.999696740837848097	0
15.382823533618420697	51.139252158910693424	0
3.324226483124269826	52.891286543476276449	0
29.865611495547156551	51.729008782240349262	0
33.335081751849394038	28.449381166614852390	0
51.640162052785321123	22.385786504465219338	0
70.813092081386272980	35.303524240647611521	0
36.449417529696503948	19.043125133946162464	0
30.090963003926624708	4.286394158230011797	0
31.407631768600257516	25.150040731404406102	0
41.503632801855886214	62.055997594659388028	0
45.569492789449071779	55.936740565009301918	0
62.875688134618698655	24.611119761170900944	0
37.218236408761477207	49.273015427831872159	0
39.808090245204361679	36.621688893179275226	0
55.972240967179679672	52.930574575365909595	0
20.126748334790153905	42.502417912543073442	0
1.431073101383403490	26.449551217238269629	0
63.244612153703258173	9.673661493870607586	0
31.936316824047310092	4.950430133273280298	0
33.985492410056401980	46.491460379104651679	0
58.201319436319671752	40.329362049216776143	0
55.552892485840352776	45.826096553629994901	0
24.961193445442418692	28.545895177985453728	0
30.984777084596711205	18.872419999851086203	0
61.529106761791169333	48.129220902721741027	0
51.664477216642140434	19.138023866071414147	0
9.101550572767482805	59.013784070372217627	0
18.627497695281721946	38.043876330586627432	0
67.537746681619168498	4.432530093409686955	0
20.678054641100782618	18.719404102840861981	0
65.064197099520967527	3.487520209082809242	0
12.213839098033842490	30.051882087242397290	0
4.809261330313040261	9.010946694477716790	0
65.801841712713681432	15.834769789897702452	0
38.692684723553945503	57.116396959128657329	0
46.063446938232381456	27.879760767943494670	0
31.959302124275613011	49.823525875423555931	0
65.728633971799467872	51.965016102236802453	0
52.095507055205032998	9.268901395793754716	0
53.389288913691636651	1.587151418226188104	0
36.040450363667403622	36.679544866277964843	0
5.532583487159535629	17.059467166278707850	0
5.456621694594621097	35.379289258707807164	0
22.963635478887610475	29.593257671597289260	0
62.861299083117053499	17.453911669530324247	0
22.196385955198465467	12.598138997161614228	0
28.020711750077087032	70.902172657414993751	0
2.996224085517914748	31.588537130332220215	0
54.702856555069345745	63.910906468396284197	0
19.486690382717181791	46.811155216174313409	0
68.460835794860628312	27.942716048863164957	0
37.874146122180107454	66.937461779493418135	0
51.483670455244556763	39.835090957754871965	0
35.253984369928595299	62.033716991556836717	0
67.677223543382979187	45.222559228715319080	0
12.067247536888750403	48.023487392748364755	0
20.481857303276832738	38.714322863524373020	0
23.226415090350528203	27.656724312170307911	0
2.568170469186830562	39.275682052862990190	0
2.858359881620303522	14.335477749926260671	0
7.089638205284621186	38.726213141887775748	0
56.051667873746325199	40.027503849836385541	0
38.204915142179899590	18.165593459597587866	0
47.580298211174103074	65.347654059661920201	0
64.662000941485686667	14.014321016794573538	0
55.301223131484903206	2.111817767733779938	0
10.230201423574285968	48.473112796249459677	0
58.586120664604550257	0.939812442800932679	0
46.277923706831572304	17.474968097916242726	0
57.334379720723433138	38.601316983546539063	0
38.577236755192721773	65.121187441609407642	0
19.439257502214768891	29.894783181808442407	0
4.857039232200309087	65.489078550394907552	0
54.796054500148450472	31.236402610732827867	0
0.875286226225869490	5.783650127718348521	0
48.818752526131213187	48.314894728112854239	0
63.101921463056349637	37.765738245843081700	0
18.730219081633094902	61.257228510427545132	0
52.353506848466828671	25.850539553939096749	0
28.024071714042378289	10.109109088955678502	0
6.832660714402219782	43.123211318972415995	0
65.048257196612055964	10.418625777979089619	0
7.703495395967485670	71.511434949856024446	0
60.101492623141261618	9.144563060938228460	0
24.229774968373945399	46.960705320207203783	0
7.712098820846257752	44.870917169142714442	0
10.513319044286216553	57.708819791339202254	0
61.461150494475901951	59.835825169597249840	0
1.479563893573756284	49.246023963218654274	0
51.686641889449070675	58.415549355517796926	0
6.403855355719955789	24.232944945935543046	0
45.458719108136392606	49.261662573102064755	0
3.608586354531545304	34.790868623985254260	0
24.112687726930062126	53.507725715317363324	0
66.114005378689924441	48.420159650462970546	0
54.038830611577402863	9.058429544562489610	0
12.170787926513284560	17.726235265264957519	0
68.903796841260358974	18.805892784670074747	0
49.103385677126389908	33.080227951967067668	0
15.469271810689708246	35.797007953325568508	0
33.338001757427733196	66.208125433458803855	0
13.471672760171244931	2.469881044460280339	0
5.498595338440378733	41.662407804280327639	0
8.860438014745675162	54.478729461023370106	0
35.854289859554192788	20.892276424491885933	0
19.949201751921773251	34.189185904690305051	0
22.510940689902181333	54.675336124389090742	0
59.510168531471698827	52.621531034072845046	0
51.568443661125563438	69.113824877473234665	0
57.785188869286649549	53.597968880190933305	0
11.590432449502591439	7.994155559014306078	0
4.416063758722601484	32.993696368484400239	0
10.710457301445604372	60.050543042790856418	0
44.358088225181447228	17.817561348954743750	0
24.740959427080234434	60.254174513292845461	0
55.840310063196966439	62.321613991939749155	0
54.028695824745284426	58.072408852987308592	0
17.108499808073577952	19.778177456682236368	0
50.198042238300580209	34.646945555984508758	0
25.752180353245403666	45.211416207250678667	0
33.839905945799841902	26.591030064662508181	0
15.726858884514841819	45.414853178303111747	0
33.821381752044878510	4.462103048338926570	0
9.247744813264290542	26.792267278510252027	0
15.690250075439029942	18.452133352265086330	0
11.265956037866569517	44.303506465654002966	0
61.116650382635747007	51.504591418217884780	0
30.070832664531312872	45.530852613805457452	0
16.259159963977644736	34.033034439837152263	0
28.294306352357189382	16.343474654469105189	0
50.321446021924629122	26.031795134535983038	0
42.276821540720135317	10.140966517312893558	0
25.046675937596976524	43.373611342187473383	0
40.779342692036891549	23.679390652496131509	0
16.709680262464317479	64.379192798456443825	0
57.210318467751896776	7.529581926858829100	0
11.457490316020903620	42.358536295399133564	0
61.146754698017268481	25.613064158141593651	0
21.320015740116218694	24.306473356257896512	0
10.725911543792244984	1.667806154756067416	0
49.655687179943335252	39.223910209676134286	0
32.129659941470308127	69.917946171494605778	0
4.157168266415786739	54.687992327448213814	0
55.440647724159191512	56.772583340006754327	0
23.656251057279344963	41.866570443696716097	0
17.146470525501921855	21.691099846466343593	0
39.153484270011858825	49.171737603288143248	0
23.563875424610774445	48.761975631666949482	0
48.417191350184239695	69.069915804346805999	0
21.242021325840525492	30.518087126059199932	0
56.666132830080165661	0.678874636129050746	0
44.488709413686102323	25.236493531314561523	0
70.796486540294978340	63.521429658336757029	0
22.550293745733064554	35.890899068355579971	0
61.825645987013714944	39.201397564931738771	0
43.844023358132382384	35.673768621056325401	0
52.959987571091687641	64.732655359194097855	0
34.030037269807586142	2.486597791097902466	0
63.108347055131517322	66.734022728581422257	0
69.876629487876741109	40.307918508606171315	0
17.184890527025721951	55.180195416853003110	0
65.755273074388910004	5.275712026482070272	0
35.747679293126481070	50.538375091609289314	0
2.076327906985452554	2.430494888562686029	0
22.352681507719612597	16.414769161183730972	0
41.899696051482919756	35.745918754031364983	0
42.074344465991821096	48.715450533277248724	0
59.324792498227374438	26.868088353787346279	0
52.825170506802699322	7.491233510741165169	0
65.600532729683664002	12.309313675410797018	0
69.246715540152152357	54.797785520281863114	0
20.219634713360036926	12.448080782797793731	0
32.516405350417137754	17.714155671161268657	0
11.726152067465308804	38.350933460055784963	0
47.380182852845784680	45.156239692391118012	0
52.864958196381813593	27.721265572169262015	0
17.580239600821563783	59.676344101861843683	0
11.754054151157708574	3.326411509416775658	0
25.348436905019653409	49.530408803869896417	0
39.205504770586763641	43.245010606504919792	0
34.437858052607694503	37.776541448873189211	0
5.944824634528869112	0.621939494848256946	0
55.444869053028369876	54.816946771145055095	0
15.252409011393126548	68.722072209808530374	0
6.339606662735723042	62.247755846634760246	0
67.114489341156229329	32.445087224790825076	0
61.459657071268857464	57.905268626266718002	0
20.766311276977841516	22.448056323498892795	0
41.690884422668311515	66.663699325776391902	0
1.953033773413597185	58.811442449044314174	0
34.343799047100752375	31.234513405161965949	0
66.746656124587403269	6.928095943042746896	0
13.750159639835379366	18.838385438745230971	0
51.049924775880917593	32.882393819451387174	0
2.109423104695063333	0.459098339987083659	0
63.895144385976088586	44.341621682937955029	0
68.814191190243789720	31.398725467634154285	0
2.293650224621067935	33.365232148759524478	0
51.839678921173813819	13.070051169092785415	0
35.493901481143119270	45.085579734886763958	0
48.003615649961879797	22.157057876261159635	0
14.748276676055183998	10.266347650379580969	0
66.190613361966043726	8.818979748701876176	0
16.571874463978577552	16.681491319296860354	0
29.029468251302521509	34.170601570986903539	0
3.876724396922253568	58.348371463057887354	0
31.964474930721344492	27.019496691633804630	0
43.734283315355121147	11.449738135819943707	0
3.052301275543674475	9.786046640308432742	0
47.958150072797671726	29.504385240753489228	0
17.288699899863750886	25.201897811262274018	0
28.016866214115363931	1.095436651720219645	0
56.873792294507396150	41.784308162452617808	0
21.883387826905902784	34.041919711273600058	0
14.842779257328286846	63.743894873592978456	0
64.987156374588280983	56.489488869753095912	0
5.825918059418440542	18.995197971118152225	0
57.373182438641663339	12.636485618843193990	0
9.913708762524791496	21.118823753210872241	0
66.352257433553930355	62.775798399476258282	0
29.622254631902833921	24.343487170010259746	0
2.418943854409749683	60.659741665626391693	0
55.799103005958457402	37.433362010989917223	0
29.419723685767703358	2.464274275582297058	0
29.407696527997931213	63.791395003037045797	0
34.404248273497806565	43.536649108636957806	0
46.022509503255847108	29.808703557237997472	0
49.789928884106586793	22.985157950156054341	0
3.225085279893238344	41.137577061442776483	0
51.171371136530943602	6.547238390094011429	0
8.812952161500671622	1.374314817721075332	0
54.692459876370556060	16.016470348085906750	0
61.710466976932288219	21.002787717719492377	0
4.893288686066706639	43.480863362965756380	0
47.588204393572162587	70.790010777552453192	0
23.233501209456179026	56.450103104495518380	0
45.533388360383739268	19.308869833704619623	0
7.028045650534217259	46.678475008858960393	0
28.019710330249296248	45.671170388425892384	0
60.483217386541831218	56.202397759593836213	0
12.441684015239852457	61.101141137413812032	0
14.939098474885948775	32.612531533118257698	0
14.126512545494492201	34.376973102347527345	0
8.412552098572845694	47.986577174702418347	0
55.376906436144402335	19.668508259164440233	0
52.033671315929503010	37.939681555979184679	0
36.360901149165627544	43.277198139553448186	0
9.114806497272754271	51.839665322403867265	0
18.697020881155037131	28.095332948487577340	0
53.346841402458139214	3.492558752529085986	0
69.254378935235166637	44.075788305536910627	0
56.908050717843671862	29.865770217549982846	0
60.378044031525654134	0.301923821843382290	0
2.737782250229885861	16.268479575462585274	0
63.101459887488829281	60.853707600098395858	0
46.077102602295511247	51.103231403760517537	0
5.303750218127424532	4.445944408060186426	0
53.096715496135068690	59.733361548500205629	0
26.051899771639039471	61.691336661938819930	0
2.623442234319115052	50.842115041422935917	0
58.579580514171304628	18.102220084527836264	0
50.007064092441773084	67.932722010780381083	0
27.968015705556947381	52.181148878756438592	0
57.466530886495966968	25.264381524088662445	0
30.230919260800199311	22.476460762632878954	0
36.249919698271902746	30.996154630717988709	0
5.635217888104538275	53.421401878793155049	0
69.419748572248408891	51.546576915965999888	0
46.290876574994371140	25.942146040346496960	0
44.946889473681480354	31.459420995186185621	0
37.362837159325358982	26.703218405330250818	0
34.231547710845596555	8.246272570818195646	0
16.327927637894401158	23.449495131381997481	0
7.289479466183448331	51.087173296699091907	0
15.321661686682007897	55.690495254573804118	0
21.295701321129413941	10.868049775170334215	0
14.811374207296529093	5.785510459716245002	0
6.365201135425883727	10.254883444663493108	0
36.131674696822472015	59.212802087076795488	0
28.156160444011611332	38.647196178688943746	0
60.528095174587207339	40.622815107680615654	0
10.415633015018309848	55.674966713085041192	0
44.762036369390244772	2.517380456280803092	0
8.351834528981116890	32.739019828595388617	0
42.408702031985534120	5.479538434367348998	0
61.745893324137412606	19.033232532793451952	0
46.679592807971324930	5.736470005418328633	0
9.935005591530369884	25.009819942542140581	0
1.554686495949494818	28.398036945017871346	0
52.427271643030593395	51.285125105402698864	0
58.239076294423192337	66.474940062003113894	0
69.923105486935213548	0.200783578705631460	0
63.786871486657432229	4.980957187583442192	0
13.353735511782261369	4.458103522996045953	0
12.105996748599448409	56.640106258337695522	0
12.514789112123533954	69.810876169936136648	0
38.041029531225397875	58.922081868115768089	0
6.954179211590703069	54.864874647581061140	0
9.055385808684780713	34.564167628138079635	0
4.489509810939660284	15.455542891106938796	0
40.058257190234378697	45.762448023698205191	0
7.554246819675030089	53.013922416526582992	0
16.812197588830663619	32.157561812579835703	0
1.323072824093044275	24.491926137671484298	0
1.419053375862437294	52.361894480435672961	0
35.815333339436683957	14.673072962044283685	0
70.626288289041710300	61.549733764191991270	0
44.718992905069136157	52.486652362737387989	0
62.808884994197555329	26.561612483087902348	0
59.444461592257610505	54.578434847040327327	0
16.714405423127619343	49.743636763846986071	0
11.862785874083417781	40.312705310953290905	0
4.858820658193172548	63.533099851821354775	0
64.787311606164834643	17.490288770729616630	0
67.463805571288062879	37.081673584359442941	0
9.697695790778494640	12.027357544732270256	0
0.736730925355417843	3.846075778628613051	0
4.049195800189002270	0.090992160103126649	0
40.756913631763822536	8.904130575713779194	0
69.565739094471581438	49.437658154048868653	0
71.185205865754227261	48.328773414772108197	0
56.814000131715253872	58.159840505748341855	0
67.799773910175872516	29.753309644421445768	0
55.519574377081312377	12.048180301288244465	0
68.534007060456602289	23.270224959168036349	0
1.488890505411102128	56.958956275974912842	0
29.237601498062126382	18.045578466118840311	0
5.748791886746798419	37.304985963154855710	0
58.416094826359767467	16.181685077249472471	0
62.433124161379417671	41.081702187898969214	0
34.913575374683212260	70.533556766305338215	0
69.008617424196117440	35.972073009545113109	0
48.168086744520323350	67.184346683602115036	0
37.924951503148328413	37.172265356913165135	0
13.258838680466652704	8.999079845910330278	0
58.872574638122699753	68.304991249952806243	0
64.397132403214612850	65.261800347465509731	0
59.822040677820240262	47.319213897590891804	0
13.275342289229183024	7.004636124514298068	0
46.437211260775541177	69.191554867051152655	0
43.653558082425313103	44.522199821861889291	0
43.016823485610721889	31.271284793580232275	0
26.198015118242338417	38.975485668459675992	0
4.623664610161783095	28.487000638858766877	0
3.047239637946029145	29.637831558147329503	0
44.638756059136014187	46.241876446385418831	0
48.849766621986269399	46.349000505671327232	0
26.643043349585248336	30.172864346761066656	0
18.752957083843583064	31.699356624603659327	0
6.376008967170900377	32.641343772553362612	0
39.795480198149647322	66.574137098557500281	0
22.045193760835591235	42.956467429064112196	0
25.325169962341242069	32.293023901332261971	0
12.188337079347514091	34.596830348280313672	0
15.682876708114783071	12.061600567026440345	0
68.495242744722418138	6.101471375413201059	0
61.142460998905576730	27.596434343920179799	0
20.629505133518197368	32.366608889022757012	0
70.325931953930179930	67.456538811255867927	0
8.854002127323489901	49.892941112516275837	0
66.820585496920770652	2.645003812796658860	0
62.210799384058347528	49.907900971099962817	0
52.785965208963027351	15.789417644060778301	0
26.049578555243776634	1.334390674545645306	0
50.796880711829402344	52.344907248132265920	0
6.490934749396649828	28.888757353705646125	0
30.017135345760308951	49.804604843325556374	0
3.323493834972369498	56.449044564880274777	0
51.214744531062493138	24.291263375128469448	0
54.897597242907522741	41.606078907328026162	0
30.797842644363147002	40.828787599389059437	0
37.666248517847940036	55.488947678362301019	0
38.222271733685943218	53.635890071526340250	0
61.084935785469852476	12.496799915107603240	0
29.245147946590133614	53.596007237579087246	0
46.365784275513412638	21.068049508465591657	0
13.519143192680607157	14.395614417505811389	0
8.955654168910109902	13.998710889326856588	0
7.461931823376585449	30.987847941440829658	0
8.006906302033103273	25.295153288626742949	0
33.321958883574019694	24.719499718232178509	0
57.421903394084793604	5.587259131053955663	0
55.670506472812341769	32.965562235706379113	0
61.477045653497754074	10.555712509398857080	0
22.605976035923486478	18.331628790662161776	0
10.696438607869129811	61.960394203847911854	0
55.997825977588554736	9.077987005269289256	0
17.159083493292630607	68.226370199018575136	0
35.557109084276667943	27.516438467984631444	0
5.121811944827653562	46.979074781755315371	0
59.361448118965938647	24.911181484592127333	0
19.309638989700559364	10.731777220461918176	0
0.511033955702162812	60.193555231519084714	0
40.074328230647417115	19.306630592922271461	0
14.412172608619101766	57.392289463439553288	0
34.500641119038569116	60.244667021620479375	0
40.037300591909321668	52.868318914610547665	0
21.987822085618372370	26.131739470608010834	0
24.704382584328314465	7.549949714334743156	0
57.699740102920905827	59.923222046755718395	0
59.734788091533445709	21.372237852318097140	0
1.194138995340930487	37.791591944240174428	0
43.928956435593299545	48.080108973364119151	0
24.108994106081802045	21.533790653414715877	0
18.149864009880690929	33.532276121458998830	0
31.996488516013634751	23.292218688382082092	0
12.161067908496784540	15.795429173600389561	0
54.776362443660858048	0.236922667296146860	0
45.575770381573590839	44.527324498578558121	0
71.314406990099044492	23.687756013096624486	0
12.011669669587840659	46.099849449788038669	0
49.911820051250955999	18.355312095922727167	0
0.367172730117421686	21.961437024881274027	0
40.366783989173974589	70.774174656399665650	0
55.829247413165070668	24.250928929471399442	0
0.050427896810193149	58.274603799495551470	0
71.460239666939287417	25.617165144399741905	0
14.354030131806112536	70.484974873726628175	0
42.221980542660546121	71.302278185791351461	0
71.651697540352287774	1.701534956804364729	1
32.892437905417878596	33.048051272885508922	1
21.848019659639650314	47.162379482375740736	1
63.708229883520843373	58.578524333127241164	1
26.229412993021071543	20.711965766051743998	1
3.687862962762315178	48.754599239076320316	1
6.362754505809194328	48.951541514065304739	1
30.083976572135021854	43.194876911371252959	1
4.715469752022606542	60.555884683107628064	1
27.033342533391468976	12.222513819279630098	1
53.299633331533343039	55.865191224090153810	1
31.982977507011462137	20.963108999080773742	1
13.367884368632374503	12.089990305137556348	1
56.376751079696227009	17.557602304488582945	1
21.978505712117677007	68.208041112726462529	1
62.869596705291201033	2.751225025538494240	1
17.817906403825798378	2.371069806522008161	1
37.941822207387062349	5.602322084684647763	1
0.228091587338642987	70.779796928873381034	1
15.025234912275298171	20.729058078706767532	1
23.324245128536354343	44.872485281269412383	1
18.948551781302992225	49.074500380470688299	1
69.398251856443906149	65.313681977465876116	1
31.415632277929503857	67.472895510846782940	1
38.155599776716528027	2.119745672861766295	1
8.365018163137387219	22.952883401946216679	1
19.577728696368200900	25.918461577749383196	1
70.630749893169181064	17.238553949449638480	1
55.393043545731977417	4.433101422048749463	1
20.183518336510545055	54.366651929376210717	1
50.604727443215068661	15.034279539443845763	1
48.372292650081561760	1.224277437899025545	1
40.116079482781898946	34.290453226562753741	1
13.258082213024733775	67.633028753517407949	1
53.681769962630120574	18.059632146101172623	1
12.494359448933662904	63.400298915104585262	1
63.641918886663447097	28.676661855704637105	1
13.293911555719979845	52.149004531071682322	1
33.296232201777499426	15.568500666255555842	1
21.354215896271107056	70.821233393420669699	1
57.523867694477175405	2.938686858090651999	1
11.384603107639325259	5.626520651768315062	1
58.028445352771349519	70.465973635847902301	1
11.203577548910246264	27.985768834342845679	1
51.172889154635370801	63.315779437143156372	1
32.752282067115324082	55.725265624979030576	1
7.772279195033874544	20.291454618873693505	1
10.064210773889554318	71.125285749207222352	1
57.667708539209911578	20.245355083770917304	1
67.855893628383242344	39.295040953545473883	1
0.695890243017482590	15.219193825787963092	1
59.204667667196716252	11.258340957728586673	1
53.347857336474824308	33.064223536334928610	1
28.889353605613131037	14.150924595271829887	1
41.691207528052359521	38.022279954297118820	1
9.385531280969781065	7.323613968494899318	1
41.248990772633440827	21.368633851433664006	1
54.039441217682785634	13.826551860287718654	1
69.815979213122233205	14.670072658846867952	1
65.644965653101095882	30.600943422660229487	1
48.979377523651237425	5.783235287905697852	1
14.936929178620536263	25.294464238913850096	1
27.838016726416348945	56.943350808010670505	1
38.455128591065538046	8.291703217903640066	1
60.219329206675432431	2.607860446837750867	1
40.883309951691103379	57.779491056467911392	1
65.517987272118858755	46.141623028870888845	1
0.285536874860322920	65.519905940035712888	1
16.840660692630510908	47.432408773002507019	1
12.244017724057185248	20.612922249469203706	1
49.955420998924239484	70.802455501781508929	1
47.803016150189989730	19.242969173460583221	1
65.321319192099124962	67.419894891187524877	1
43.042605599653654735	23.463822286639089754	1
38.171714656915071373	20.535206319373678241	1
16.566248755760412337	62.067217530752124333	1
67.638259872951650209	0.466260132502281932	1
32.327219750252673691	44.841256552532989588	1
24.589960605384668213	36.954487796199146032	1
37.828665560887458241	45.087208447043707338	1
7.428487796160848866	5.412269692953282529	1
58.176285923262547328	62.206149145597827044	1
30.317852209949034403	6.605331406746644873	1
35.393441955391729437	55.490105149173835741	1
6.127082834336332162	67.397553759552934594	1
65.442998798852372033	60.666084937336933081	1
22.038037000775016594	4.197580714402979751	1
47.256292327716487023	31.750317844864287764	1
65.414024451839793528	38.094393867787523789	1
23.686893602956484273	14.479363081557464099	1
36.946733628369337055	22.914896204567689608	1
14.154678986914927208	47.030019519957292573	1
22.107318178943874187	52.412144311786491357	1
18.906542306989852165	63.662074161181671172	1
26.947125022812038253	59.519647181183529483	1
37.850865773313898899	15.817785317236255693	1
33.009944614871997715	39.574818733312802976	1
67.356042480141667284	10.844150089758029409	1
42.317452342858224767	18.867584728245706316	1
13.904254288889577040	39.154146598726413231	1
59.773655701880414881	49.648635254771129155	1
59.705063579150859709	45.017075745920728025	1
49.830022222993648029	42.009539770635186073	1
32.579929953163031087	42.202036821080724849	1
13.845411269777157415	27.747075179316034621	1
2.754139596127854528	64.608597197259030054	1
10.141882557047743774	18.830018254464196303	1
26.987123032489609642	54.323958745016177829	1
47.874795640257524099	35.052708583494130323	1
53.948527597317642801	68.837679093585876444	1
51.235402400890002639	4.279557838438351247	1
43.994324588653235253	21.001585019614719130	1
67.984572785906465242	67.455874565001280985	1
10.663261201248307231	68.441347329362159257	1
34.895169288595376145	10.463577491237392891	1
24.561565066646434019	17.067939284490694973	1
45.752698222536999140	23.287232668846105099	1
59.530755358115236220	64.534146026934280371	1
9.701090863554359345	46.059781867503474473	1
46.865982334477102711	3.430745195532546088	1
9.478521441672899783	3.665521150142663664	1
71.175174522296643431	56.011297583659050758	1
26.221290115696803014	66.163215712832723625	1
67.180678499780512425	13.995253816707988292	1
17.805212574796456693	35.793354844183205898	1
16.696880301281705528	70.469708696716139684	1
62.180785729450001043	33.778953974512063496	1
42.403778411852485419	52.997896847361253947	1
53.490487810937153768	61.978981704223542692	1
48.507128648825641903	63.227590347531887005	1
59.402824696562134932	6.914432002904444374	1
1.359440836829527210	46.973344161269075414	1
25.897982961874713936	41.250116691701592231	1
42.761083921624482684	33.584096667923219570	1
2.918190745576540568	4.633359878081906302	1
60.784716264900403360	67.017939219468900092	1
36.019103567939119159	3.672076265716800236	1
49.912230592492932146	36.929936229084539434	1
25.814926247996417885	9.583741103474096690	1
36.588805563008179433	68.888789124964404209	1
66.752431798034194799	69.738412656776915810	1
45.857032104048307986	66.894192570040587498	1
18.693152987697438050	23.376080129844872602	1
1.043008461045172419	62.493466701886944747	1
70.177297147254293463	29.503150535230741269	1
57.646505448220331402	46.707515277977385892	1
34.226626109084740790	22.558320161689117356	1
12.616299349012155773	0.342221655738497610	1
27.658503083571993386	49.903912810703197067	1
52.524810384127341933	30.442829952127674176	1
52.621254734925301477	71.160242950864713407	1
60.601835978038089081	16.971982506086135345	1
18.493136300345195622	66.333263250912651188	1
39.365606611253561198	62.962597126706235429	1
34.136130011577016319	13.064063092839731439	1
43.546446524727400629	50.508855504768391143	1
46.715108069098079113	14.542878767031364617	1
3.826271987824096499	20.168630628609960809	1
3.375070536674121602	67.278911839141144924	1
37.365353635713638880	61.161766531391265289	1
18.443786408509474484	15.314248701358446070	1
49.904993148344956921	8.451367074342526209	1
56.878215444347354435	64.586391207389070246	1
68.215823799506111413	41.965947355158391474	1
70.979123287610207171	19.921752954719352147	1
53.794684648339647026	39.529950457371782591	1
35.104648312535893240	41.300703871843765569	1
27.442025365421510941	25.246531695725064282	1
48.326714074515464858	51.670475611827164641	1
20.533290325387266506	59.755001639868652319	1
53.521604027322574382	23.768483802594040810	1
68.623879853405611584	62.798551637271586401	1
8.720695023674762680	66.548181052938346625	1
61.259176476707168035	36.311701647894409462	1
68.256648234488537241	47.497000856375677813	1
2.489275747386194837	12.051111712880331339	1
46.641392081670232983	53.829641065701416380	1
66.199758642272215070	28.000735430056355568	1
12.646186106744714550	58.839372312011832378	1
35.564004474294812042	33.210713149950841228	1
47.261754875912622254	7.933267758749428467	1
28.988760302519011702	66.140234438047087906	1
41.765447114118380512	29.190926473076604708	1
26.476965887875646644	47.453800087586692769	1
53.693099106917806296	53.218390904428119370	1
18.007912730744255470	7.712186518873579644	1
48.082648346116329208	10.433519718064118820	1
47.860326749346995712	56.362970158549266841	1
54.940110885975393273	50.823334974146469278	1
60.639712718582735818	69.770983014575293168	1
5.122732599256625718	30.739751757908269525	1
29.159501507228778650	47.670728339953484465	1
50.671100888268718165	11.067104357534359949	1
71.725687841167683700	33.125248872914411891	1
33.596292342531853592	51.476305472028606403	1
68.153295345426627705	60.222743330434326481	1
20.997716603251635803	14.569256195667666276	1
40.784483651320819320	31.723522568045279257	1
61.922434448227967607	7.754378313579322501	1
39.887795856975252207	60.316209067788960851	1
45.979820029432168838	11.997637908593082656	1
6.937743045705619949	64.528386919256263354	1
57.067911966772690846	44.087764338450924129	1
67.984586522833410527	16.627458113265074502	1
22.722897566282952653	61.433380408520626759	1
60.421559146101202487	31.646188063126281520	1
68.130773684722541361	21.016612664145903011	1
8.107426062160053348	69.220760925773930694	1
36.460470008822767340	38.987566866756978357	1
59.153271818114603775	42.430473260264854218	1
38.169477156748605751	32.288813186555131551	1
67.421395374728689376	50.342081628905184232	1
61.109606096683606324	62.173813481367290024	1
15.207277784347738248	59.709457548560280316	1
32.202940866169392109	30.450090847451704690	1
71.610383733925885963	12.637279981624963909	1
20.985968420326340578	1.746758674974564940	1
37.350904142989541867	29.007118440362102518	1
16.516159866571950232	27.384006247633287501	1
42.746884980762146711	16.196507953854148099	1
49.847342981513399707	65.595265092942497631	1
41.665010408712227274	25.811456441149488228	1
22.979977485115504976	31.973993011453796242	1
45.786727778198141436	0.462183239539591117	1
71.134503127226508923	7.634466521190914179	1
31.119897180433273576	62.207135347344760135	1
22.046904488232627273	20.560327334179753223	1
12.246307891782919341	25.491937634678269120	1
5.532584873674339931	70.043858096691849369	1
63.325510626108375334	12.039649455709463766	1
67.136325483232724309	55.674775029513178026	1
69.142759103110748242	2.677317524514464253	1
42.853777337183522889	7.825891639669049660	1
63.029401557051158989	31.236559326700035655	1
7.389189176531258063	12.327082654655447058	1
57.611734055737990445	51.286279529628373552	1
63.448042418819412092	51.829101557487462060	1
6.863377319750578742	15.072319211482355428	1
29.647176519072608869	26.698006736453699261	1
23.473123475470465849	65.950001197129296315	1
11.334751814745425591	65.814560083126139034	1
3.457539388572646200	37.125506811133995200	1
50.896914211667798611	47.301268666971516552	1
40.882762428930419674	50.713905702544785470	1
31.458988072670752700	64.837552040055157931	1
48.141113029213940422	24.539162942942773782	1
36.205864644089672311	47.240784595315886918	1
26.339966995127266358	14.997286719732572990	1
44.444926058234329957	37.972242478611335059	1
34.052634681029289254	35.477287110167210926	1
20.356524688505192699	36.446847038991776913	1
12.658105509727047178	32.331542662041286462	1
11.255275244521303790	13.704916487091859167	1
27.940892539580556075	22.701295613041349242	1
44.619329474876977315	42.405200686828429468	1
15.372028464425321559	8.025761336407384761	1
2.156022917571940312	7.663935857872116841	1
27.389707766332229255	43.465944117384530898	1
8.693203913971164098	9.945733489903702207	1
69.063669579166344192	57.648492031907117905	1
61.926545122598909643	14.615886714627006171	1
71.024364078021463342	53.315185596316034378	1
28.993160793607838599	36.448790815408955268	1
10.178702944884241433	31.234108843545609346	1
70.469668450776069335	4.979680858188596737	1
9.243390233998514560	43.178973771749959099	1
38.248813526671952445	51.330170033903698368	1
40.677824213069200709	1.297631539647976062	1
30.321500333494565638	32.300970543658223733	1
26.214511736716520574	5.777500836178220744	1
0.791953446966680463	68.145831132464124380	1
33.105905820176097620	0.297495654254081199	1
59.638422912416629629	38.465204182584841419	1
66.427682595448501957	58.231763825997276740	1
62.631056068524465275	71.722460364349274187	1
18.881612297560280922	40.400769306255959634	1
15.715274165190590949	66.437377837487858301	1
25.717691694266498814	70.798398460446918534	1
11.340844583004749069	10.333390199731747217	1
38.808003948068225952	24.893104718104755335	1
42.477692197136015295	59.904165672490016448	1
30.532172109321209064	38.557337562395900932	1
64.930163387409180586	25.664059542480810450	1
33.935917205154808585	68.440335189156357387	1
16.744145016707527418	57.485717553716902728	1
7.919612904719468105	36.565488259292401096	1
5.736132818138292677	22.029077018255723175	1
4.630479725661897916	6.664886117946901223	1
54.741083699220240533	66.233565552282811950	1
13.304620994583801874	36.592745515433648507	1
62.129503907843201205	64.679297449883492277	1
2.802990300437602222	69.918235439746240445	1
13.590560812066257768	44.414508203806626341	1
1.418912395172805319	18.161296327664839367	1
51.472122155136474930	44.418583233899660456	1
53.344572335609598213	11.249244556811722973	1
15.684337763409438082	53.412783834815201089	1
52.530708535227887523	41.910052485595471694	1
59.271697150889401939	14.010098482964844280	1
16.289494486208166535	37.953520159722621941	1
27.276359853606908956	3.310304246482515644	1
14.526057945282145667	30.338062686189775974	1
20.043896859779092523	6.008166816738484961	1
39.302366609785664764	68.781425085557955867	1
34.129415012383226724	19.361984522764526417	1
39.591231648848435043	27.503143261119117113	1
24.999355146878134093	26.217489833695726276	1
34.046629639597476569	64.023857994490668943	1
50.664114823087032846	56.347200549198916519	1
46.686061934190504985	58.810876591021127524	1
19.552186995399488012	51.695222518967923975	1
31.817582061393945736	47.475021443038933455	1
17.996810964380852482	44.977990820535246996	1
42.566973269498063814	3.144762235687093010	1
0.377532797266615594	39.953212209839705338	1
52.302179905479121658	35.566964647840926261	1
48.276628165155294425	27.203332492666401521	1
50.425627156335835366	50.013345854979334604	1
8.749185875727842898	29.035110120973513403	1
4.348200473638377694	2.345380917173906177	1
36.718359672934525406	12.480260888798397900	1
53.273522782057682434	20.759568489138047198	1
38.045464927903722696	71.179977438852660043	1
66.563423747906540484	18.896410475332569234	1
67.715212883518518083	53.073665938963223709	1
27.196760497295059622	27.907968892358201884	1
51.038049952343342852	1.600426780966127227	1
19.352559993674542937	68.982264008269297051	1
17.052557425008103564	10.171525128101393420	1
32.218393812679032351	59.769641132282423257	1
25.272245261738088828	57.512933896770590536	1
15.976900188839239902	43.177998781959850305	1
27.632674270158702257	32.286954591532833092	1
30.133144774125817378	55.685665712081934942	1
26.802283529864734390	34.856985133503712859	1
31.568985578356091537	53.300308500165215264	1
56.582317574372865465	68.147712508085930949	1
35.473414926084181786	17.000037584023043991	1
69.123107092924271910	33.666872105800699444	1
55.035621480845072995	35.218035164739745824	1
59.164082413526664084	29.232322881719387198	1
17.169120659680434215	29.918792133605190742	1
55.026921084010204765	6.984635914015351332	1
40.447578645616083293	6.602966135834249073	1
14.279868245074395006	16.602756588415992667	1
8.465948711491741108	61.288432128073935701	1
20.631242861022897728	44.774113522020698497	1
31.988428538311488580	8.587124250203386211	1
37.801445918604066776	41.390369814616526867	1
70.281319257800518585	37.940859991872976309	1
53.348145028032739390	46.367067268600465013	1
63.149530685714289291	69.014134137554833615	1
43.798444056858507167	27.413884979282887144	1
45.012032699658178103	9.474000901282277454	1
15.860425559196809076	14.409988919107727057	1
34.108707601090607398	48.858651779651658842	1
65.046500044885931402	1.177422417987211922	1
24.706236134928154513	68.294625183929426271	1
20.479636811497037741	8.716489934993097322	1
29.185481496166097770	20.354736921088516510	1
48.427998619756827736	16.588640855737143198	1
10.605061881358539111	36.305229925983411476	1
55.604156939627344514	21.980148671626984935	1
63.648034126818203049	22.388481993833583061	1
57.918039327923281689	36.379851917740616329	1
22.467346829443890499	6.952901040514512410	1
63.943373580380146848	19.672305046006872686	1
61.767087643970235433	43.288064307304672695	1
27.911904415172497096	7.808871275275134138	1
42.313944858931009207	46.400488753087138605	1
18.940425043677819872	71.740620772672897942	1
54.673267024646698076	26.245163038639311992	1
23.526327726976319354	0.731054060642345460	1
24.392441289787026193	11.887149341979229789	1
28.588756928220181663	61.557244564159240952	1
17.939062059659942605	12.683201223438791416	1
40.062074596515742542	3.965522453036167683	1
26.946124284885584643	18.194164066321963702	1
45.662793524135096845	64.142504346793032255	1
21.579549316624213162	40.714110689860085301	1
59.150602836534496021	58.104071183616497365	1
30.668600852735810491	16.241146385759623882	1
16.198733495691403306	40.582130701900126724	1
0.983404673067023172	44.312779509906341957	1
25.708346293750988565	51.848948224799720208	1
13.259577351782333210	54.730159872887050199	1
27.122397517002479361	63.741882459633224300	1
55.404903463713885969	48.155414689350948265	1
3.485338013373053823	45.358436205923155171	1
58.076911683163459088	22.990141733873169727	1
65.689844916551905385	40.845553634584490510	1
66.766180607362386468	34.926815013132930687	1
39.202456785277256301	39.053875451338775804	1
46.698169059810886949	47.335789001301428414	1
59.495486474463980642	34.189104373805868420	1
44.592568687826506846	4.853903527190458256	1
20.956506725397265001	56.995960584577971986	1
4.933301686456089463	51.209314766812731534	1
64.846160879963832713	54.155914305442493628	1
23.910349543656629123	39.505534148847608833	1
62.255478549474375427	45.956114896820764670	1
64.845399817543068366	33.139503852552067542	1
44.011902023365529146	13.824106175419901277	1
47.261493204270408341	42.901549601315011273	1
13.700446034011587670	22.985161297599567831	1
64.070439750441622095	62.949603214806707285	1
15.257937346963542424	0.934864879265067672	1
61.577151838020228070	53.737118842205816804	1
54.792324327444895005	28.945013196862557692	1
63.809124678740616332	48.198936493861879171	1
70.877228130570699705	42.397071892281786631	1
50.004607029056387546	20.717174157764898013	1
41.641747160796754201	12.445331556131801420	1
25.329575817736092347	23.506723291041332402	1
1.787016548723898701	54.653235721488997001	1
42.558954529458830507	55.703925586890193244	1
11.079282950036137834	23.057387141249606088	1
44.178908770106836812	57.803671579923673107	1
28.985918966794386620	29.937188081736145762	1
10.893078736647678895	53.362535279348506378	1
35.760191085037710934	0.935648693379448337	1
57.564423284277474124	55.915701714263036592	1
15.460733546335642785	3.575770847516646089	1
36.735128302682220180	63.795638626092618040	1
2.629007580130051647	22.572790749105255514	1
0.786896600669449664	9.980356107214367611	1
36.014628251758047384	52.851499679429657874	1
21.510685161285085343	49.819396405598332933	1
24.460747411032038201	63.454788327221187672	1
64.120443801307686726	35.703925802648662113	1
34.215331506534354844	57.935109905033314703	1
57.785034836640534195	31.993272619276925894	1
47.308553227403294272	37.715433908240441951	1
39.448316753852807892	10.821771375096147949	1
6.956969775163774017	2.747151678038072919	1
50.678723216508366534	28.363278457252690146	1
0.888369169923713731	30.610440696374549674	1
6.869554800286074681	8.015890832555754741	1
19.284089447678397278	20.640954431888822285	1
48.857061842938520613	13.010597476397483874	1
4.901669475593900316	13.217271167270643772	1
62.794784020852446815	56.028783447336351742	1
29.603943390605710562	59.032690953360557273	1
49.335967943588954654	58.642871675889260530	1
11.114082766033051897	50.604097902729421321	1
35.367504732266603185	6.263257722909536973	1
23.140908523687599541	9.504949508986543449	1
4.878485934513060229	39.455352888387210442	1
66.051173474633628757	43.514952843811030903	1
18.482765586109834999	17.995412562332933959	1
39.971161974520157401	55.180986706155678689	1
43.053589314692075618	64.791137875898201059	1
9.901197076603200031	16.106942918560374522	1
52.916648717256109080	49.037853608569420771	1
30.351239945648554652	0.349260889293787735	1
31.743133038685478198	2.647439255537228586	1
67.641457365934343215	25.709285087226650290	1
43.013876684835445019	40.309826508768210829	1
22.970953616065511227	58.764449895446702499	1
42.092767020525975852	68.970039729156169983	1
66.227445076758684195	23.341269529532752358	1
69.500445864043513211	69.666281832934146223	1
46.464453831068439627	61.542987515700943391	1
40.546051607086234014	41.338452786987339493	1
7.737792880614488666	17.630695596467155895	1
21.680428092594794975	63.985663767951471925	1
13.701982366181839623	41.767848315118293101	1
55.389994889838924053	60.015756172828247372	1
35.650717394938190807	66.289644795468348093	1
39.140765062260726381	13.481411600670796247	1
31.338430139903536542	35.218793905805398481	1
27.366927423256257157	68.603932729220900910	1
54.343916719456608178	43.861245243112385594	1
49.295915728906216202	54.107461872871148501	1
45.451046327627871335	33.748318850385608414	1
24.588310402932709309	3.156334233169686421	1
37.552820074631462433	34.925799490870488739	1
1.354780085629051500	35.477322640253227348	1
70.554769504735602936	46.025590078765937108	1
49.839939770778784123	30.889571245496536989	1
57.075166672772894572	27.529452460963302229	1
5.590467305365008244	56.709446910104482242	1
31.484911395601471895	13.655841066506154036	1
56.605133174285271025	14.778392308695735835	1
40.237515451034482794	16.994262120488397017	1
32.320824935300677794	11.146338756470465015	1
13.717546176177780382	49.588821988633370097	1
5.225015138249456292	26.228313237472395514	1
61.436171328560327254	5.073447615811419453	1
7.713891543771818071	40.944807753683903684	1
28.521452449499172133	40.950789866788817051	1
66.712328287234427648	65.056974237029834285	1
9.436250958718540360	38.787769413094274285	1
70.003638482097059637	10.501856605988621141	1
68.504875788459941077	8.384216044727482497	1
24.212090385762589761	34.311947334414533373	1
9.490369400753468909	63.887419908554164749	1
17.577593266541565953	5.083620722123122881	1
47.651395013887615448	40.329776075407579583	1
43.825689753229355006	62.207826875082581353	1
51.021852767941830109	60.691895453853604181	1
21.012802241792499558	28.220600779317511098	1
35.623136877290335178	25.166182682087882228	1
61.018316418235087895	23.261967396240098793	1
6.845131414939125136	59.063824990045610264	1
41.448617180886671463	43.849478406755068249	1
29.839295051989914498	69.512319181130891366	1
8.338139901503003770	56.777900979508061141	1
64.479089912323075851	7.238949336579475258	1
52.131505231622696783	66.884985647964242617	1
71.526172866873309886	50.690657226197160412	1
29.716987187756053856	11.611287519200601537	1
