71.743887569893487921	0.925000000000000044	1024
1.203263937968085617	8.285724206567660843	0
17.702528234536451635	45.764668415491748021	0
18.916903949773690385	32.004736571236250597	0
8.522545008264124533	17.873745887293480905	0
23.372917949713997388	34.910158274157922165	0
61.834128644364355409	37.788287243639729240	0
2.528644695342158855	34.040940621747971306	0
69.570393133454970780	61.740605964895109992	0
18.735228681273291329	71.631209616777425708	0
58.782862510758128849	47.036985038939825188	0
21.608686198472778273	19.678912269161852322	0
41.471342112988594408	66.722803250178003509	0
70.759783791588972690	35.674262546093750359	0
67.388682171616864025	1.874699927580830927	0
6.362740459707100449	11.920229156822241379	0
26.651578925142615617	4.037398914039077802	0
10.151763400443231333	14.338438970044958154	0
47.360272833359651656	48.105172940700498430	0
18.492769038168237472	22.001681297980180574	0
58.078682783295668912	34.543307273963975490	0
10.165141543957227910	53.144763099200396539	0
66.539925350968459838	67.413693435303343904	0
50.265263989698325986	32.613312188590448670	0
7.657138232755031915	70.925993610338011308	0
33.397327128521226314	51.416875804572228503	0
41.842029835396935766	6.561862134715129358	0
65.875982680044856465	51.781661699487067096	0
49.830242543407123890	44.986811028187297268	0
17.978978115870468457	50.389914085942926647	0
14.407300154580909179	62.607752598187765614	0
44.522501985237454392	42.142026477931224804	0
7.673351056508563417	34.572334581362952122	0
18.494190983190900823	15.945853749113432229	0
43.151404395704297201	55.889603199858264304	0
12.285734285562247337	44.031543887436775719	0
5.943527713331679507	67.613984320602142475	0
2.495835528332971620	57.929261447873344082	0
64.828277241565444911	26.501239681662536185	0
25.329601164500942900	35.051963907126307163	0
0.650936788406050182	10.199360627986713723	0
42.098532065061718299	21.412349485864190513	0
6.022608220450490712	33.540938520457729055	0
60.897364684020288905	59.084446113471067008	0
48.993960205042739631	21.238948228899484860	0
68.009242060614852221	36.960921552235305398	0
24.445282168985222881	56.770264856328950032	0
42.748163769450023608	52.076173926247001589	0
59.381940237157991191	71.110444687697835775	0
39.009376737692960546	26.567842301733655574	0
70.937130942073480355	0.455995033343177869	0
59.049723471511192940	59.675181824110417494	0
27.399697668842186715	14.037708197272930732	0
69.165472853315264956	25.173514037849869851	0
25.852388862111990164	22.579922194783591749	0
34.589701276854782463	54.167402405530090448	0
14.530603367517347380	20.854294008614449041	0
7.658830161103965750	57.107515277302226764	0
17.145363879084719372	31.093262618525450591	0
53.325857616812918138	46.648556707139270827	0
65.211917985129673525	68.892323820455104055	0
58.032312245014317398	49.531812308062939110	0
28.306176557341615307	60.681040797270064502	0
37.199402884568733896	19.645988296118424898	0
66.395334596615953160	15.341392535181570977	0
39.083930226735809299	19.021915222703011494	0
24.526433847201396077	54.812396575077009686	0
38.103119392568927992	42.281007275490594566	0
10.610620560084170094	30.930948873942991639	0
69.056733623191860261	12.725180532022385194	0
26.253941182584195957	66.754573736691170893	0
51.788728053612153701	14.188036441533968812	0
22.662712230290665616	18.015800831882827993	0
59.991864369317035255	10.658840151672347218	0
35.686269091941078102	31.529180935878287073	0
53.193433907208067524	36.389182175249324303	0
22.709690343452454186	69.620000690707428248	0
27.440160112946614390	71.259747512117769475	0
37.162386749618939064	57.970044701264328069	0
33.730211804342069115	44.659946225614653770	0
58.358724790726228093	30.013840772876996255	0
16.801835683202156702	67.441733588202112060	0
41.779779743900860467	29.086515293329274101	0
49.960190131243628286	14.824478706796385907	0
34.409226961748714757	32.996395448711112408	0
13.841622143222549468	28.133741532763281157	0
4.380504489202210472	11.922039754785872745	0
70.786736580014022024	6.209793498146398250	0
17.646103986382868811	36.162378280056778124	0
65.426907278321948525	39.592831410532284053	0
58.132102566101245600	14.846522894912951074	0
33.230867642906254389	55.623745846882421517	0
13.443056185679168379	10.575122836711889462	0
49.014568058868889011	69.975563483772546647	0
26.646843374572732444	12.189641343555209119	0
38.403176750966103725	64.496617709175708910	0
21.253386057594820358	53.593733363257967994	0
4.860913947998900753	18.988326194936838931	0
21.690672547567334760	7.156420756438480524	0
45.614984335400784232	19.971147528432144469	0
10.475291550275700914	18.018425875740863518	0
40.422975424230266128	20.416948579679559117	0
25.455443825259187918	5.603009231211251162	0
46.440153392685104450	42.219981150010895021	0
60.031336375691140006	64.101812999641950341	0
35.315364365102730915	58.654698135152145255	0
71.431502904825904920	68.437324790452308321	0
15.440354635393550353	60.914720804824007416	0
71.366243434179821747	4.049053032940064689	0
5.611775323905184187	62.762103819886732481	0
32.496576008129764546	33.211136155120058788	0
14.049523007153776888	18.860939049366326259	0
17.220915565656863322	33.010897825400185468	0
52.520907473919187680	38.681624532650744186	0
57.017583708297927103	47.894263469884364781	0
67.742088883433140722	11.336481473691000232	0
39.403941028093598220	51.430326513579494474	0
51.674893017305379317	7.896239695660232982	0
39.294761661306147005	46.627482955471158732	0
1.343298479689483793	67.393835930389670352	0
2.028430980855027599	65.571947489769428330	0
41.519033025296423034	12.028339760728524510	0
53.181274273134206965	61.336828443096251817	0
35.794006408955723941	36.547266730258193945	0
63.970671822624503022	70.417121429582977044	0
69.602898200985052313	10.700701491377788699	0
5.095058380815506993	8.407065398056898786	0
37.130487321245070120	40.565861111201840572	0
36.600207806519158282	21.518537344976284231	0
52.233727238330885712	32.612191380100142624	0
46.696380263667059296	54.535248758837127525	0
11.789696668237491295	52.096409775579509471	0
21.270420393480712562	44.589485368024448064	0
24.700754702144504193	58.699253616066890515	0
55.171012689550614994	52.186402756530064551	0
35.863768488706952553	38.513124962828982234	0
54.842034788074819573	13.113539038857652486	0
48.141097224059762993	71.707461273198759955	0
71.381529171778296927	66.442645503816379460	0
0.334275853509052479	64.634838164447572240	0
64.481328520339559418	45.692701487903057966	0
15.338422326313621014	32.412861882769107069	0
67.551272429590795809	58.603205595359845859	0
51.948989553617494153	40.783687326981819865	0
52.535807178830580710	54.997580915308560634	0
9.339024680680124035	0.149761606433850225	0
48.030027838859361111	38.200740131733965654	0
31.505348521459229261	29.446608361575997037	0
28.235597606543020532	18.751379582958428216	0
37.727268213705876576	36.155693686452060831	0
34.149511925166677884	24.109410564669815358	0
38.097777239164209107	62.398199886815554294	0
0.575974730013290359	26.691164167012320974	0
26.192605502389607608	55.833551382152478482	0
37.246702768400787420	30.317294929039547924	0
67.664668752103622751	18.891507256087948008	0
10.273855106758935207	28.988410702171471200	0
1.257941034457205509	32.606025521609254270	0
62.455945069450471863	28.162223103368617672	0
41.078451035838050132	2.082633480939518389	0
7.488326472349554841	59.046894749558092030	0
51.313570555080026736	24.998614639206166999	0
5.524835510353922174	6.528226090078225852	0
40.922675333732193792	52.720059168881327594	0
29.335643316950321235	29.790821028173400720	0
26.826396170219648951	1.511129158660287963	0
46.949431028497969010	9.963122258917406882	0
7.412173443398479833	7.088710544598448848	0
62.617443866800009289	30.120019057081545810	0
22.225983295645356463	13.375622027184173035	0
3.629510356720718089	71.439179080495861740	0
25.474647262118701008	64.986781690648868448	0
57.486767359599404870	51.426812986251000837	0
49.332767091929554226	57.110483273939912863	0
64.568346640055310104	14.625024490746433514	0
55.058722842255690466	61.789510648478987775	0
18.097757801890946183	69.792022440217394319	0
16.307081133699249165	51.345069211815577148	0
16.691359481719693747	39.629907439421288018	0
9.305286731467637296	49.346298058630679861	0
31.218320872952883605	70.675065608998380640	0
56.223435106345668544	69.115645940294356819	0
45.580036609780357537	40.483774464901330248	0
70.382835038700704899	26.702304926618698033	0
47.841255292938228649	7.212329134999229119	0
4.792326630312597757	48.395578121894168078	0
18.176008463657218783	17.844777727214751195	0
18.073700726167363229	60.942298381745196423	0
63.791002671624170262	64.502049237262923498	0
1.422291929007985845	56.322438896731043201	0
48.859657238928491552	52.495216934614440163	0
66.141440995712414974	30.713984355504987178	0
25.551514286952745181	0.006808338128221556	0
19.544660735382191064	39.180625343342732947	0
32.957656499898170921	25.987311924202703750	0
13.786988258667973284	33.632506467734330613	0
56.796667400159343231	5.207434962654174271	0
48.498476465120972989	58.852349047168516449	0
0.143495535344656866	31.049767671702458216	0
45.494777180429757379	51.184240644625134564	0
45.324591968895305172	3.414103899510406936	0
9.569437904514071391	34.921598156800463642	0
46.607205341184503311	15.637512893975147321	0
2.160931746264691533	30.831559490439094162	0
5.102723981806862596	27.301544893055680774	0
17.177257469320672101	23.483453654404254252	0
13.572335759484319695	35.599268459356821381	0
50.331947222265689845	64.828303334676135705	0
48.094882478612291266	14.396194282498512962	0
16.743855383150048510	59.498712533823919557	0
5.539888363051024278	43.231493641887787760	0
40.868401723814663740	8.279116756438233082	0
30.577792928886669444	41.261637519746571456	0
2.240817667140656777	37.778494422722467050	0
12.220722776961006062	29.255534065316783909	0
32.351145591668569068	8.554327614617717401	0
39.903651123192197758	6.545367659805969573	0
34.785749148691088806	22.276235332321974170	0
38.109089199336445120	15.050267935991323398	0
22.885491931537433885	58.010620555012799571	0
6.235422627683516517	47.094937329454211294	0
63.679233821615461864	6.887913626629945441	0
24.554440195025449611	52.154866030965727930	0
45.200681571893348121	65.196479456794236285	0
37.493089829303826832	32.259971695062823471	0
42.386484637201192527	62.205944997494967197	0
68.444803021630079343	27.021085236021754383	0
60.329799338007468634	3.745666045377922693	0
29.967002244801285826	67.360066053738819392	0
43.031711016614679011	47.670851835924409556	0
48.707901478610509116	10.786544680354250403	0
46.891554020183711771	52.600640302062217302	0
54.938878674025701798	64.795078660525632586	0
25.956874189632976879	53.480005221788665892	0
22.081125091472166844	36.355218899960476620	0
12.382462082768521228	17.802670176619159292	0
55.045968022971436540	8.429067791506946961	0
53.765813593860940500	63.245760933272848092	0
65.954658390333094076	10.510333457329643636	0
49.429148519133626394	24.550996686860987239	0
53.873245209700563407	48.541274598875347124	0
3.747048226739836618	36.480967388408977570	0
61.110883086251433838	31.402545469287382218	0
20.402719933270162755	3.439324742238634158	0
34.132838601237992293	37.575638358668520311	0
52.693249969639666119	71.530173325850043398	0
69.972463873288162972	30.625221876436793167	0
25.053424516809972289	46.785564696404989604	0
26.253143388982618234	51.156160908504560325	0
69.408196977030470975	59.048635342162647532	0
11.622040617607574120	61.172617585810947105	0
12.937248995660187489	22.055062338449701542	0
15.790171739577186116	27.781643327140809419	0
63.500848674633068924	39.446055368874638702	0
50.947039815829533893	56.073788073761043904	0
16.201051040901955247	4.558035543770064812	0
17.152667116909704248	29.128049535724517938	0
67.725547255346683073	52.139314538447301572	0
59.619431657142001768	22.065856897620456323	0
13.514506453160556987	60.852229407489339508	0
39.661975861449107583	0.749086673949921900	0
31.437726758408551575	34.838964512297458498	0
24.432582256660687392	33.289376438699783023	0
39.237772762899936652	2.734832788898527767	0
56.860249923445792319	56.098485808730956137	0
70.004314817823981798	44.213168870374431663	0
50.708423563080586405	20.345806162246404369	0
31.266294069213682150	11.815617149028389221	0
32.710696430236438914	10.451780703694243613	0
10.682290410478902487	8.031197996149494145	0
31.240432787271789294	55.470378290999576620	0
22.189255289541591765	48.802435932344039315	0
30.079266248655535776	65.415720083082973701	0
9.638286009734414961	37.981918212220342923	0
55.703021388749121456	71.292336144226609917	0
24.390282925659661828	42.195725469949678654	0
52.744343449505478816	67.716085538628007612	0
40.024379586768240813	42.367226130451150823	0
53.482598041044639103	7.247657045541678222	0
10.161101717252986276	12.396434587889551437	0
16.571269841940800660	21.600560228706260801	0
55.233185350191661200	57.240043070625212351	0
29.513252088370776960	46.417283310214031644	0
44.827024205467225215	10.217905767717105903	0
20.723970753610220896	40.720898170568169405	0
67.980287366052323250	20.794129822285608356	0
49.410886518155990643	36.784125881710714623	0
23.146876460606989667	53.452088167595597668	0
37.840319244569833756	52.653864697189902699	0
20.222432400792161644	28.791021202348630936	0
64.247572128879909314	31.138634768543496989	0
40.700219609802914533	27.486041743135618987	0
23.586630942420239165	19.752071973663639426	0
18.811109574879633755	30.073939685611765782	0
35.290365523459520603	0.995305217077274151	0
17.297255682577318936	55.481473217532801812	0
22.837627754962088744	11.519799554870347791	0
2.947475218553290421	19.169385472757603850	0
25.207453802189256464	31.485606295890665507	0
33.623740562932745490	57.518805537304196207	0
19.511731426187331806	9.708703356077130309	0
66.531675935012287937	27.524102027915478885	0
64.273989489577772360	47.860754844174621780	0
1.925701933023067136	35.863961336552158343	0
55.239548126825617658	47.140599525466505781	0
41.064109873671505113	40.714015537269311551	0
68.066034679755546222	60.493021910117555251	0
20.773612887134131455	5.396205163760153134	0
36.673558139345814766	13.626357034260159651	0
6.569209441091085289	18.090136762759840394	0
47.290739291606286088	3.387633978622020425	0
69.534985347734433958	4.681084351584155812	0
55.341443294856020430	32.276438424556609164	0
6.929727152347407326	9.009938633079725534	0
65.702177297134340961	64.429014124941005548	0
70.877682540283771573	60.251015712901754284	0
13.016468155236880833	53.653174835521674879	0
0.589808658024920551	34.474331119623762731	0
24.489838095126309270	50.242986587432518775	0
39.354721816604943285	53.838195206819577265	0
38.540683833828040861	21.072937150670799866	0
48.818584571103592396	8.889106491675542898	0
61.658941306164763319	11.661133450802848799	0
54.288726898193267800	0.959578596298722220	0
28.483886971978812142	31.594507627400933103	0
46.691852456829572304	63.949390223630167895	0
56.137745504023804699	14.766118355461022915	0
24.011487938580831525	48.377151008286212175	0
22.548842971960851855	41.431142906876964105	0
34.032185199182059421	62.888973639575823427	0
70.197620998785168922	28.652902149334590121	0
12.874652575553799494	49.595980245738566339	0
59.400271267700887279	57.770347536400684874	0
69.889790739303833789	69.701112197842078899	0
16.214474009968004253	69.335805034320003415	0
41.013222806494930239	18.556119352593796634	0
50.801034770788433548	58.341671400229280664	0
31.733088014371169550	13.717845863067989143	0
51.301141790037434021	30.929831061706888562	0
62.031215501095537945	7.826885961592092933	0
53.762567135644722782	5.302633383601118133	0
48.195800257638886421	23.008108208644898696	0
60.204341245231944413	69.389667858538345513	0
55.273456207477074997	6.453799010450581797	0
36.228733116551950388	15.496341955496097498	0
8.384563143998853718	36.458189870822799605	0
57.531254181937981684	70.542152102672844194	0
64.672000031959214539	43.723352530632475066	0
38.905205275317982228	8.217829583983617070	0
59.661447521754013223	50.549600386193596080	0
46.223632304391223613	23.132269867184504619	0
29.115210905750963377	58.678552165701255205	0
27.644275908914917039	23.382566855730292588	0
37.318284634103747521	25.577587778366840610	0
47.019677592110816988	21.372425465701677894	0
5.415628557831707823	10.272206400987602848	0
46.771023022280061809	61.989913039451202792	0
50.025560527898491614	41.308325416468797187	0
60.499546624472365863	67.526973050675636046	0
53.430283359359698636	53.120057370516292394	0
42.994874544707307962	31.594677692954221015	0
38.942546770810309908	24.607643878234956247	0
52.133819288304252382	18.982917720409716367	0
35.701232180009213835	45.189779700479846269	0
69.894835723504826319	20.493204293276804151	0
27.003434873873654709	25.226256809547152216	0
32.958122713241479573	69.719036221811961695	0
50.479884916480500578	26.726181462339841488	0
31.303649497301709204	68.752272817029066232	0
71.028278661270391581	42.095522136630037835	0
51.479482223575665500	45.995246555584934356	0
55.702959276352636664	43.552364859129063746	0
42.440905925799697229	54.017485491352964289	0
40.191523109388604951	65.285008960070669559	0
48.430512251065501061	68.114694747483852666	0
45.735529322747119352	49.235297229276909547	0
41.267055954933752560	50.769235918981962641	0
54.742090214315439312	45.255891221960119708	0
18.321352144155333974	57.150212447121020887	0
63.699118508553041806	0.632018529974187393	0
10.166442656310058723	24.784420678709125241	0
52.446323795166748027	1.696968356356009400	0
44.265425723905529765	0.062915650426735151	0
27.605875746023819772	54.492908644894889392	0
42.107098426801741198	35.330816581198092763	0
71.728734346753896034	70.373122235307320693	0
17.917711217927752898	38.119137611647857966	0
8.357573651798036352	24.059959977512395568	0
60.783822086092385462	46.944146810178636997	0
28.084859507610953955	67.341756561429122030	0
52.924493969222396572	44.700793116402643079	0
7.073252881356247634	53.300773613055000055	0
35.408953571629432133	29.588112961666521272	0
59.617141456685182277	35.727807543144031399	0
61.735509957189442787	9.730997735995458697	0
41.432496196555717916	48.818048368775173174	0
3.667916864209928907	59.470320211369305241	0
59.791193063681305375	48.646027507231522691	0
37.654860584070959817	11.957815439059556795	0
9.648476330100082876	16.234239947529427894	0
32.330312997933788211	4.595790580128410241	0
32.421359558338821216	61.819166184523226093	0
1.700374805160877578	3.400743765153397824	0
1.907708690749169156	20.778767633615430555	0
40.517781076252596506	38.834119912948992237	0
25.710901972949596228	15.085670388806803999	0
42.499318182834173285	23.343222400962112317	0
29.846188022804387430	35.964151004305314530	0
68.772389566666149108	45.733273342013717411	0
41.163787632462721433	30.912703688744848307	0
20.764771296724724436	32.678906150188367974	0
26.326420018300762393	19.020548488197317027	0
49.730398787352555701	46.896292452086484559	0
68.145282313887889813	14.412034938875560641	0
37.552119236021695770	50.721470347916330468	0
11.020938446272138478	50.294751238440902341	0
13.351953165717167948	1.165416938123527757	0
39.114797853842972586	40.596586575977013922	0
14.034587333316887126	16.863029624773368198	0
49.829266042345508936	7.232281438669362572	0
52.720474060927656978	26.392393579076280474	0
57.976581221217635687	0.727141372676467834	0
43.375244633634274294	7.732495523887331856	0
10.368467605306509682	67.320055480305285300	0
56.246104555010887793	63.329778453858686760	0
51.369324859806951622	37.080951593729182036	0
8.805858227099827573	8.493867500222265221	0
50.100556366349593418	18.515901250096007402	0
54.441944014659803486	38.281638831241423304	0
59.425084418336709291	65.942013995823629102	0
41.503271733865631177	68.686821580559183076	0
25.314751715146766031	20.673973637365005374	0
0.162973554121055658	2.191037433611890517	0
20.650068679067793198	30.723648018677721439	0
30.366915670597805388	4.575244258456527824	0
0.390868027135468366	14.522888955701011682	0
27.675196519361549008	52.523402673439910870	0
57.797408489663517628	36.465634024235477284	0
5.376803286609042942	60.355055738057487247	0
17.722764745269770970	8.977239016929127402	0
18.644206254939742706	59.069919996899862724	0
48.541389157480139716	1.875509582864848701	0
62.393213637905638791	23.027550875667103014	0
8.745702564963359293	30.246724925853744281	0
54.252219999730499467	21.892537346468259329	0
31.093853030155823802	39.413088681504305555	0
12.584028878197750956	45.990958100941256248	0
18.528310770112565109	27.782717949400936419	0
5.742860748625252754	2.822716270001919714	0
58.207122468819306960	63.366617905200335770	0
4.377795899924850964	34.607529703417590383	0
43.574679870157012829	33.486475931294535258	0
14.540817565903736863	59.158550662713054180	0
62.743318850621179195	46.638195809664594549	0
5.999974101866557774	65.721458515182561655	0
52.551807490267883338	20.945458332963752923	0
49.239095150549694324	48.728540743698999904	0
46.056666743130378450	11.714905211168025190	0
55.549989104055804034	23.348495236653111107	0
58.018445764780587126	25.666487646705601122	0
13.409801418201288570	37.571257426458437578	0
26.066419434219977092	41.145372313278286924	0
69.632947999378060899	18.561278863802709083	0
20.980431425559828540	42.639454096899839897	0
37.858730703823880503	22.990134154079552076	0
66.301582529965159551	37.881208243363083454	0
1.699306969895795438	46.173890258945633036	0
64.086213946330147451	34.834944016600339012	0
33.120180852915730441	12.341797125027468951	0
32.500503125759678369	41.065240358280675537	0
33.638257847951486212	42.666035413398013532	0
22.796375483149621033	43.372518662047511384	0
7.267608600266716401	69.023801179613897716	0
9.327224669116770173	6.602106875174026612	0
39.392587548560882738	31.780895332701220468	0
29.086971633252943548	44.550332727502038210	0
70.135066848423420538	14.397662315994391946	0
45.085257159335675681	55.588932508924244758	0
53.837462528599296263	40.143913130971611736	0
56.232162501855874837	34.018524722660409054	0
22.060177860477047318	29.340301453900529793	0
2.687181182259484657	39.651623682632568091	0
36.132275315800903570	23.970124495724071778	0
41.241350912159610687	46.869880739055133745	0
46.522825913629262118	33.936062233615238881	0
56.787271549138779392	18.990912193036241007	0
56.197839532035189336	1.447298523369456857	0
16.114683001723591360	41.500562013164817188	0
52.263470774043121025	59.622436240187369094	0
36.553078223479040787	54.149955734710076172	0
70.064810325666456947	40.354149759483362914	0
33.008956408881985567	39.160814149253504013	0
24.762262824461423349	3.761182618040459058	0
0.399922627072692383	37.041525727163111981	0
24.567526875037057010	70.088177455972200391	0
53.442666759504227514	17.505978579120647254	0
6.219868170401237961	51.580719429728674186	0
8.273409613391203621	22.124919059905138852	0
28.331769820671500071	47.960071566627853201	0
26.977191169986053154	62.771951454531624393	0
14.102729647836440563	44.734520971248151966	0
29.304745939382449649	42.668804175369906773	0
28.784582248846188435	7.986715019201730215	0
21.453016347181371515	34.502959132226749261	0
13.494575475442646351	47.722075063280435359	0
24.858995436815359170	1.827588825758509783	0
1.898020331099666169	25.294384536628598426	0
65.973642585783451864	19.940342949127142447	0
52.826528903532619097	3.604483105612378946	0
1.997760889594282219	63.601237475039660296	0
53.208224128644332040	9.257375914302475195	0
46.268284355753081627	13.668886363018023289	0
47.819881266632080496	12.486954627977954857	0
14.156311574492274730	70.482578420766046179	1
66.255842712115210702	56.754267690916314848	1
56.530036694200738623	21.240720569821920805	1
39.298334266085433342	67.426078937207776676	1
66.920473722581036213	44.346526489347759536	1
1.902405640772312445	17.127112033971226168	1
20.581817708184029669	57.770005055849331654	1
28.664863326401437860	2.979979642405945039	1
33.755604340958022647	35.252685101826031655	1
37.127499334275341880	27.967041074039084236	1
44.061506072453354932	29.523960501370858367	1
11.335634051673592282	55.120996922260140138	1
65.188011256932298920	2.378398670327846354	1
37.457080472499150403	71.717168954866068020	1
32.492774206006771465	18.686233441918158604	1
64.239046547123095365	50.205146392375411324	1
38.131610616826570492	55.802093797456656432	1
28.308592647403788334	40.612380540543263407	1
56.976453285964034023	53.722323101363421927	1
16.353386101264121066	19.304182724128970960	1
19.945774475416680360	46.517714435174568166	1
31.007908307427008765	27.183116964940332139	1
29.135905624833100092	69.565142476700742691	1
6.153096162754185805	23.129026906777149009	1
64.503004054627737673	4.818354025764341131	1
43.585527275111189738	5.006373338696801234	1
48.644971396691083498	16.696412951099443234	1
11.869685089212737239	26.926927221801488344	1
66.881435263736193519	49.692144933656365424	1
32.136107635963995222	66.646652377315263038	1
26.765056161511882493	33.208988613760773490	1
45.226608761149009297	38.219999393168890833	1
46.729032566440963592	29.656840394867369781	1
68.695371727678249840	71.709727124738535053	1
4.191258894721023864	21.217457785560444705	1
42.676643654199672540	16.927429695678760879	1
22.830447196488460548	31.604178513164040254	1
58.246393309388082571	68.026851320699023518	1
34.582937487402084287	67.897758259017379601	1
26.264380902448213106	48.785739246130297886	1
30.814578350337338719	6.840039998645799812	1
26.562342759197889563	38.508313478052123457	1
59.500078039865179846	38.013979191767745647	1
64.660026890599439753	28.865033067672886347	1
19.865228021897099353	36.865453568829657627	1
56.095365644459462828	30.107841947870209509	1
22.335806783914154749	55.690007468687234393	1
55.981605398635515769	41.155259912607149886	1
48.860975816629490964	5.104806857000235176	1
35.526361924660832869	56.284604075872557871	1
51.410422817159975750	34.793702800637802852	1
4.166273462328604182	50.573469741081062523	1
24.934434487854556295	10.438343909981517399	1
61.539206432030709948	20.828905296269361713	1
1.843715801807138233	53.822968163571594857	1
59.910783255100568567	61.741574711837778011	1
54.433673921168413301	28.032091271431223589	1
17.721350155643218471	65.286867349953709549	1
26.492108067320092601	7.665036001095104190	1
68.984943103987745872	48.028495891097655601	1
68.536932970408656729	6.665772541144979968	1
20.483839282552420258	60.514249419859886814	1
8.058529157600576198	13.437110489482542164	1
64.032992499564926447	9.134858553012527693	1
7.419678828883446542	61.359574821618991791	1
44.420826460357176302	35.612725934705871111	1
6.133457283776712288	55.385082948037698714	1
35.187084194154415684	26.168423533967743566	1
66.283513356486778889	54.081721746426133279	1
9.322486303387268691	20.042572008249102566	1
37.960379522962533372	44.635921695125809094	1
57.415744803633529614	27.845696447678136565	1
41.295296155241366876	33.192958359064121510	1
29.750521314791903649	53.615855756606379146	1
36.824024932939416033	66.269077857059627945	1
53.665315629419673371	42.460373488674157727	1
7.562807722154873069	64.076147094440784713	1
7.057033095591906502	28.580020869900153002	1
40.206481114275213429	22.712573859530408527	1
0.751412224990075650	28.946826559604129869	1
27.093454259177352839	43.214369603938088460	1
17.667014946384540508	48.076991988667678868	1
15.702212703067505828	37.463128767464311863	1
48.168564048892548612	65.737370822173645024	1
40.937201529180164528	4.399359794895147502	1
57.937067442135905537	43.027013592019244470	1
14.054413447317545049	51.639052322735565781	1
62.731429765879838101	60.490581185841541867	1
62.522264152190345499	25.890906598150738915	1
14.008166786183252839	42.430439414516335717	1
64.695949374782784957	62.362195533891693344	1
11.609863782059962389	71.316376575436194685	1
16.311500992301816382	43.865671548409508773	1
55.118055556780596760	10.759082260462193403	1
4.076949435313722780	46.215403857664668408	1
51.399128291316650063	16.569572043069019429	1
35.092712149338495919	70.489790029679994632	1
15.495278616692527152	46.525107295151194364	1
66.031674105778208173	41.800867662666924218	1
15.233596386536865097	12.039907830463272731	1
20.870448028847903288	21.924498786162445185	1
63.913355281113872763	55.498358263223330766	1
69.434117936179731601	50.637215160497305533	1
16.282941491857698679	16.568686023509126670	1
11.136385583162562440	10.305521021299826501	1
71.472730973552287992	57.947779831246677418	1
48.301807895952507010	27.439801778073690031	1
23.174250829710970834	0.166546096316158299	1
38.057073458637965757	60.146077687723952465	1
71.558245298345994456	49.013053148064358311	1
29.369593200602611915	62.818918340183678595	1
11.709347181442236518	39.142317775985254968	1
60.406619956710180475	15.580093752080559355	1
39.814393050770163995	10.426800434148212560	1
10.077675586829913712	65.049115681969709613	1
31.826347761432700167	46.119087533198865003	1
42.524728315654435562	9.921930259547444564	1
51.101946831929588200	53.233492269574675504	1
14.487672058663582320	25.896714850106203443	1
34.356914279659342526	14.251464682936731521	1
3.488734522759432188	61.807119558452079389	1
12.492196501652269802	12.753406135557275647	1
71.171877605874868777	52.584183255084276709	1
14.906105242752969886	23.224248903165801039	1
42.463759968001511425	64.565969355778008776	1
13.501403000363533025	56.560572067784626427	1
42.332286260701216918	42.708578589567288475	1
20.210498630086412675	14.505393085123928998	1
14.280413952433139713	5.876222731941491695	1
36.915584433370760564	2.601304420826190178	1
48.957025126144664284	54.831726063050133746	1
21.790697155420982511	9.469880504504887497	1
4.097872880320111655	64.500547388980677965	1
71.692435635033490371	21.915788510794399713	1
59.101131006192495931	5.666680160415229928	1
43.367604049560632973	2.235008226697543954	1
26.573171821079196064	69.087796319540586865	1
60.449363931341011380	29.279182166264515530	1
37.167278810152225788	68.962478563500255291	1
64.178056053846745499	21.508509259611646058	1
2.348512622173694719	23.088012735928092667	1
29.196508680353829845	38.108642406134869418	1
1.244931222765158996	5.664778019650935192	1
0.111069398129780492	62.320278264791639344	1
30.812047979497052097	31.625291670163967694	1
40.835259036498591456	60.407241422161256139	1
6.867833940603975229	41.279227273134985410	1
53.808136286079246702	15.187714717987285340	1
59.125280944447560216	55.469267953482109590	1
15.380253621788435581	2.380485304832746785	1
44.616830695961525066	57.788991761977833050	1
6.971702757331615707	4.757172457651613229	1
65.948439837217904369	7.161451317334303290	1
71.408807219847417969	24.550567169934893741	1
34.741797383160879065	17.224276294246219976	1
1.444918240175292024	60.021725332146672827	1
62.365777907325764318	13.846628532649324583	1
63.900835562412481750	52.887671301272149549	1
4.448462730759477957	29.575973731187932714	1
4.633696501103776733	16.672089486426326488	1
16.667729453538882467	62.841834381179033642	1
15.992744451972427555	57.334199645877852447	1
24.521560276360418129	13.145133837098914142	1
47.675208781289391879	45.778996742042210144	1
10.582025165171229375	22.426454558770373637	1
28.309793265191427025	5.686281308675056323	1
62.545957841749576289	68.568189514772896587	1
43.290608740973894442	40.155174091525232427	1
65.721345319968520471	17.556542214948052560	1
60.412907363813744155	24.214392911643749073	1
30.194210395267528924	20.013012991462467483	1
6.826226134902882769	25.791961385623196179	1
27.615306555523073229	10.036917335481604141	1
43.673390893253156264	60.297519976636181127	1
60.962340330459959148	18.172076478115990028	1
68.084970203204662198	32.042917229296804749	1
56.788451584043556863	38.586562555014175757	1
50.413435921597610445	50.720263802724780078	1
64.439968491317671351	24.166494593936725721	1
11.440347126363223040	41.867621762632190041	1
42.990463335970467540	27.056682219415005619	1
10.754180312016332621	2.011882894171128644	1
50.910203923371369683	22.682954430518456945	1
24.253720037891916661	37.122385385765213073	1
35.634584847344754621	49.393046133870434744	1
9.666863584382541674	59.891624430991342365	1
35.592119464944282470	52.050752247760343039	1
57.112911786558271388	12.685201216621463161	1
24.324580696197010354	29.352471753521001574	1
43.508350344085094719	49.923933023125890429	1
57.932362016415005712	3.123024672483114106	1
42.101984787827134937	58.030149765266536122	1
1.590546043703353396	51.065729452383656906	1
57.732775984948951020	32.235791258628793798	1
57.261527495306971502	61.179574045850131370	1
57.171113868476645337	65.493811032338953737	1
32.972283862187310888	49.200881398906226138	1
38.897859745872573001	34.114813537060143744	1
66.269094811507599729	13.032585240078230271	1
52.654170807920728237	65.357379932951289447	1
47.821944459557848006	19.191658445512310038	1
2.441668023251333253	48.424215463213471367	1
50.131433630765009468	12.571810206612939353	1
12.290403832886042323	63.432408988098238467	1
15.198134550607035109	54.423366974921414396	1
34.337284684566625970	46.976637122446817330	1
66.209734993391336388	35.570135007756540801	1
11.616683256183451434	5.913516548450686194	1
35.320249933454590519	11.687833643532881567	1
69.312715968315444570	67.443223217783810242	1
20.450485302404647570	65.258269174516968292	1
8.094511560851746168	66.816915464982528761	1
14.548346144324625584	14.565807740822032557	1
52.764659539257984022	12.038659007291812486	1
31.838425843666819048	24.057601044628860620	1
61.567889511399194191	54.197539985668583995	1
57.831218739563354347	23.472775424240474251	1
24.226103747308155079	67.782349691082970367	1
15.067726854926947411	30.063075497162902394	1
47.970964794193562852	32.042943995633500265	1
44.670174106722257079	53.341398995796531324	1
43.822556180634187228	12.368607444590109523	1
8.703156704427327028	54.959163566458052230	1
47.891040829242534471	40.457384377468358139	1
30.331182594702120525	9.713502530098507393	1
70.588354918918625458	8.563526527741473160	1
53.578060969295826510	30.694132742952849213	1
24.583847648539862263	62.875001726632760324	1
37.043596098066508659	47.158787342365215522	1
31.322853195873250343	2.462324236658573362	1
2.831418746237510220	27.404652260424747112	1
44.613647033368238226	62.885683232245646934	1
38.274446410381699479	4.918554213081606896	1
71.281033738350458862	12.313424940504292593	1
23.915304575722274194	7.915573738960148376	1
29.661054272468511783	14.805848907176576645	1
3.631359717172347956	55.872837330579471882	1
33.546461424507342031	6.572793626632602582	1
17.202734074452486368	25.853131170234217251	1
12.943818788046405288	3.521897737388643090	1
12.474520025420126501	66.102371191918663840	1
25.798322057328025636	27.185378089564629533	1
19.248501424702453733	62.943331800119075581	1
39.515188947067223069	13.211342651577126617	1
48.830414068508993353	63.029910258229342901	1
33.222015545893384569	59.724542892534458360	1
8.959639133457468319	42.991274406659471197	1
27.518100800764642599	16.521341872976819332	1
34.634018487906530481	9.042003690311467778	1
30.095660022081833773	17.391428240629121404	1
31.810214063386649030	37.170859540094760121	1
8.439185855884522525	10.787522362741890802	1
34.287443471953686469	65.230987605103734950	1
7.084031609923082229	44.926173159132986257	1
12.995532773714813857	8.268285310993375603	1
63.302037257444702334	41.799463364199148430	1
51.817858761706780513	28.610649263697176536	1
47.716459605299490931	50.443836402307681510	1
11.366585804329394804	36.418305718079544420	1
37.494037437071227714	17.356283909737111770	1
68.981905270893236093	56.752421376680743492	1
32.408552031300054352	53.466391683949389346	1
68.913098655869490017	54.068942874036252988	1
67.663589309244571268	65.447033840064491983	1
68.693747016026208030	42.271670226756221211	1
49.390519726667506006	29.791723450697062958	1
22.062043299803093532	24.382144781112884857	1
45.376527441765674098	17.628834916583514314	1
33.959308405464192049	2.890043956330199393	1
50.068006677181934094	60.575136101356122253	1
52.921797897022045731	57.334602930485374372	1
51.325904954626658139	69.618350614625342132	1
8.544428269795174558	47.183750294501948019	1
53.939239207423156586	34.125348289577615901	1
7.294830693336328054	15.921879933086607650	1
29.031714698688443121	56.310387518690845354	1
3.115618562699582927	9.733353382261206832	1
48.498507298942264754	43.132579386136548294	1
39.406436153795084465	29.410105605340788770	1
1.487941903971296886	0.377619478022244659	1
18.506768172559894481	4.815685044532191483	1
51.491362346055069565	62.859784737382071285	1
24.735158156123230100	24.651634506685788040	1
4.994548235955478255	69.649876078855697870	1
27.612493578505759473	21.005978870474741882	1
57.022059241378208583	45.542565759967118311	1
40.031535592704315718	16.390651608320997212	1
71.228075784977846752	55.243125565675676114	1
45.590819130149412786	27.235841201814910306	1
31.875056112349703596	63.979477397658541804	1
66.869481137134286541	25.251281144088913777	1
23.542789072423136787	22.136374512483200760	1
32.313401969607248532	15.964732426223799067	1
62.437713407071093741	44.390566991025671939	1
45.478185972999540354	44.278859342058417781	1
62.099404327273376225	63.045893009065565593	1
61.757919479627062742	51.459043818855562336	1
55.521435456476396553	36.230987372843230787	1
6.602284045484897668	31.267416586054242345	1
3.561602750292061526	2.022154193387652565	1
10.346983353390500682	45.276210565553519416	1
67.404947877623342833	62.740432255329871225	1
54.463636868241188438	19.543211278822386845	1
54.017879152544630017	69.668967832097919768	1
67.521001338509478273	69.422172187453384140	1
41.877095571010499953	14.346580284520168647	1
35.578644745822288087	4.901421925691167303	1
12.424035640879498743	24.310736836774175629	1
59.738708103537469185	44.941952830677934116	1
69.216308532856118063	22.832469399689799161	1
19.106722543043854756	34.333234267396363748	1
34.875640188508064909	19.933250641685376081	1
58.353560498217838415	17.229667542086744447	1
61.899899942824966104	35.498712060311582661	1
25.991554322008504130	60.618397712052697557	1
39.513840120342791806	58.017077772642444700	1
11.177012836373512172	47.917208998236638706	1
23.209838529676527941	60.474619709338469420	1
45.297209209579200717	31.950428503458681462	1
53.383354902150820465	24.090793189713298972	1
69.988016164789797813	37.963126822255055970	1
3.683538424731159555	67.218193367504454727	1
18.114655827215614181	2.157185564131672173	1
3.263014293852930514	7.115115050128911101	1
40.247951812782488901	63.008938084566409543	1
63.071720712951929499	16.418070053288865040	1
62.813089938529635958	32.932293806907637190	1
6.707319761576447270	20.419274733378273368	1
59.803185552093765409	8.320631285369765706	1
19.413621527855330129	7.362325626605760398	1
69.840493979878317532	64.080044315009260458	1
14.559074183701779859	67.716964881245317542	1
36.754095683260850080	7.215391101922904227	1
15.247327436266120415	49.249742829621347084	1
12.129726908690393827	68.754065577364940509	1
51.203191871901658772	43.201930275744999221	1
60.163797422875823884	1.519296282664897468	1
59.391420382615812912	52.785444299834360038	1
15.777992080964450494	34.777446519083490273	1
6.921506031734081077	49.358007774472874019	1
26.944033246733592790	29.877259581298098112	1
27.795501149536278263	64.995905820172225731	1
9.764613511701627502	62.515523313981482545	1
24.768651515621566972	44.533459782891092971	1
68.662149907430830353	34.701693428063883573	1
33.000362772361377495	0.368522484189720168	1
17.615897688900794549	53.235271608198480919	1
40.531645806613447292	44.645349001791174715	1
46.233404644574982001	1.285262707628348711	1
50.513478293220011039	67.102086257629792954	1
51.506608508967310911	5.585372387080053791	1
31.304479618594168500	57.797069227387510182	1
3.259637074250413935	43.773127639946942224	1
64.400453238687191515	66.669083467485791061	1
50.424836273199623804	0.403791940314364384	1
43.688746295102085071	66.944602051977184942	1
20.445610199817277675	70.061498487165636107	1
5.423137588766452133	57.970966245665522365	1
7.992960002737263814	2.095302538920650104	1
63.531775176462915056	19.013447395132860862	1
55.729976070227081664	49.890520783940054628	1
1.593498216361547426	41.686128723873970614	1
24.216959247584846082	39.829428190248258090	1
4.233782796262540060	25.066027135327949793	1
39.107621239479165354	48.990570579072716839	1
9.207164968097069746	26.921688466686365615	1
40.819060282397600758	55.645452903412923717	1
57.745810423739769135	10.127136361160552269	1
70.999082872837846026	16.601170499865066432	1
65.763395807506682900	60.011142659815718048	1
18.431732104664082073	41.248257127193305394	1
32.558587787132360347	21.437264391219592596	1
2.223662250158422449	69.537754112469940537	1
2.760840519447539165	14.651918018340152727	1
31.470825113805492634	43.462048997357079827	1
61.283495986524364696	39.990276273851542044	1
4.264947487251395941	41.283561774069681860	1
16.728869315681269114	6.878852474450878773	1
54.764230325069107153	55.023067460144474694	1
44.346745987936294853	21.929579437507769057	1
22.711461684172505215	46.427463368848165715	1
57.153660892937040217	58.435748921079770923	1
58.920765402760196139	19.898586523916389268	1
0.431566513530538598	39.353157144084001118	1
67.850537166604652839	9.112727015114614915	1
19.606786863862211590	55.186003680804773808	1
63.898520477790100358	58.129358003989928250	1
47.179593535469813048	25.123893725452408177	1
51.589095311832736002	48.326043447609038139	1
22.375524472638193885	51.189282417336791298	1
36.248270397776536811	63.614296231617920796	1
41.900720465012966542	71.634058341660562519	1
19.066258677658513676	67.663333254064752964	1
34.790713760364056384	40.570033984677301930	1
20.644636230007055389	1.085465730084713254	1
67.807743752299586504	39.669563428594358356	1
55.001297699372123873	67.119551827893971563	1
60.598046008228891424	42.457211180434221376	1
12.201129609835831502	58.898070337040110189	1
50.209462235957232679	39.036450889023932120	1
46.974224721423212259	36.223687555240388747	1
29.311880549780699567	25.097459297318764015	1
14.336971652422397128	39.779691415466096771	1
20.472633505340542825	11.836982727364887324	1
57.230833261412435320	7.552091498162121219	1
31.039889164541623501	51.173255096121991414	1
8.967633762766780592	32.616208799105258720	1
59.984556328197967900	26.807334275600723572	1
33.407268814423680681	30.905094778322876437	1
41.149399876753221861	25.217161862896492863	1
67.208388838963585954	4.250796479726838939	1
19.362755823636874197	24.167168845575936587	1
26.908246914124259064	58.042578121331040109	1
65.967723753391226182	71.599917031569461301	1
55.182412704071111875	3.489382018209771008	1
8.575841210672455972	51.520587289631059491	1
28.477918385464032980	50.333784668917431304	1
16.479572631003509997	71.680620698811111424	1
45.651108854687905136	8.059328439232187336	1
9.538135270857331705	69.522045093726475784	1
38.184425486588700949	38.454354662818090560	1
55.690473889077914293	17.034522336759831518	1
36.287188416414210224	34.276519576709240766	1
9.553638836147934299	4.303889744897178460	1
40.075771982767108170	36.513914274119507297	1
23.117965750352876597	5.374149119991420420	1
64.069956468206697764	37.192513310589099262	1
17.242321901436746145	13.965861824719858930	1
20.453813830313773536	17.277804218922053536	1
43.682778964471928873	69.572187766531186526	1
4.035993556463488119	32.260696311330512742	1
55.674268613157614993	25.665083630733214193	1
4.716419965065441922	38.598019823653316962	1
21.656366454312799164	67.584017507342295517	1
37.200523957340124070	9.769598109486341997	1
47.079719165088704358	56.874191306736541662	1
48.845623811300626471	34.490073809198975141	1
46.309433241474287968	70.278562373060609048	1
35.527585503081830609	61.031991471513542535	1
58.646803139066733479	40.525313083614996401	1
28.404618404900102036	27.628918688161615336	1
12.064900119062089701	15.528134532079334917	1
9.329634209910190989	40.308525881956590808	1
0.154987189142231196	19.202076359141123874	1
29.526784098006444879	0.488663531598883483	1
46.232344728162857450	5.505539816458844271	1
67.988974243921603602	29.329738178615937017	1
44.428857305291849400	15.015040273848910601	1
71.065946692303995746	46.361864503012562011	1
39.650915004214446924	70.125306831618246406	1
27.503629744765618170	35.902929428809166268	1
19.254459260791026765	19.803875192512531811	1
20.017084808419610908	49.237588772136263060	1
66.577044634398376388	22.579756802576671504	1
19.033458178200827859	43.890014455735993693	1
42.549910445949009841	37.614250985349542589	1
63.971059142478544857	11.761373239597155305	1
61.530558762854290933	56.848169617437420698	1
68.310588540554505244	16.671147069324597112	1
11.978789072321385234	20.023500235429033012	1
2.081494560747888301	12.123083631700263041	1
69.625947047058602379	2.433811643594080643	1
62.533877370530518647	2.837671367577292880	1
22.709141498014997040	15.650467664041928018	1
70.629761891925355144	32.930749714797990180	1
50.926850933090236140	10.019640053903989596	1
45.258273397263046434	46.983837502559765653	1
5.801576220485957336	0.502501000764001615	1
43.305221637085708153	19.449622806309857737	1
27.187779446797549099	45.925765839955545289	1
23.169695718501976955	65.273638829215983037	1
14.960900146561144197	64.971140140529058726	1
9.976503042071763971	57.336477932433702165	1
22.667887284286273086	2.785023808534861534	1
12.886011629461526340	31.479903610947502557	1
17.808542209353973362	11.314945872659032844	1
65.576895693297160506	33.010072609292407719	1
20.473292639239041080	26.537340777050790308	1
7.357717651657772251	38.573098412020655701	1
30.612802158101349193	60.427856149425529964	1
61.807913171393487062	65.705485931076339057	1
54.636151791927346721	59.495102409939129018	1
60.133504272700562865	33.456023875579901983	1
66.459471194415030482	46.999897840180395292	1
29.000631138920002883	12.262884640336784159	1
61.743179289361442841	71.144013433978258831	1
46.193922582380579911	67.573061645296007782	1
21.857313066733659923	38.677940127927890046	1
29.325508130385465222	33.788362373738081601	1
59.741987513101747709	12.993896101041677582	1
44.437983087922852121	24.708224580572945683	1
4.514100948139564196	53.241085807726896917	1
62.079277595517659449	48.830470169565359129	1
4.182403103725586213	4.602456273600007641	1
6.053352036978991713	36.212256917000480883	1
35.912357192200857980	42.917341489308945768	1
0.586811329229883105	44.086326354107924885	1
50.548587314754051647	3.064181019923579274	1
43.068289109144032523	45.349532678462395552	1
19.793310047813353236	51.858974120797029173	1
24.866513094568926334	17.265657517621647798	1
46.377164894308144483	59.748576665180500811	1
30.514980365248117522	48.515189960871524022	1
33.514684586114874776	28.243132092758852281	1
53.136415493555517742	50.787684746224542209	1
61.828527556140009835	5.496588698426809749	1
23.116551666996286940	26.916245656400700881	1
21.896432910823772744	62.878068761631865868	1
29.804425011533506762	22.511060140902142024	1
11.478528425055827711	33.698521686071146064	1
5.375335419307079476	14.038182892966370119	1
15.454263886189099964	9.328894785998047112	1
