71.743887569893487921	0.925000000000000044	1024
0.767247164184784891	15.810313882649026596	0
71.362234019946882313	5.454786311067230997	0
57.912329013583729420	49.417195042260708249	0
11.662918733041131247	65.347638106293075566	0
0.632822131052745873	30.854567046615866133	0
17.395395380432137955	2.251690428878065919	0
59.468196154872494219	40.518396472032868871	0
2.814343574955518790	26.904568143245704448	0
64.865787045211078521	70.054570884673779574	0
16.849431804107847910	53.886250316617704925	0
48.879524255660314225	69.708130118939052977	0
11.806649051958194363	63.370014718194667580	0
62.004687669353351964	0.546526766506481465	0
3.178829400837199337	48.998729692129558089	0
35.064342447018070459	61.580245209979544541	0
15.754564574041131308	63.276716729239709025	0
28.496020931170964019	14.897611883203499161	0
29.884877951044867217	0.052078396827205178	0
61.881798698621352628	6.387911483248265299	0
56.327473343156988506	62.166544206798192818	0
25.003331084794851336	50.932079368784435758	0
46.372805184293142133	50.298794881700601422	0
26.479203332491767497	39.192230570143642865	0
54.362304280001715995	65.442818714678580250	0
49.915904461780613133	11.764939936632112349	0
30.268378832965474601	39.829250729011214105	0
10.426989643484899872	1.454035588704778448	0
4.796195893151079304	60.425844071732967677	0
53.718703429418283690	43.505304841202821819	0
8.888817038362580192	68.807194365946116932	0
37.584040329540300718	3.926298897620754680	0
47.573305507666155734	58.205719480633682394	0
18.871513455194339315	50.611446518023143426	0
59.787825587435314389	66.715237946223098220	0
11.039751993131085683	48.720392914663300132	0
42.586376438011107837	26.274693239490623853	0
20.481508002557731629	51.727609951326229520	0
29.971480193422426197	61.023644090293842623	0
18.741987446530799843	38.386033575928038886	0
56.310947645488369062	65.821991638201382102	0
33.889721301017630140	29.712877323974865362	0
6.538494854091592146	10.594166234832757212	0
54.794766546895985471	30.966811722109628846	0
30.604905162157336918	1.860401463761400809	0
65.608636514128889416	29.956865362040637990	0
39.744978274012957797	8.076346517058949459	0
0.079334195620335932	17.658808490108576450	0
34.662717562666323090	59.702083597272668669	0
70.588939866069296158	16.101192276844201956	0
20.481178038326181223	27.919360635738708964	0
28.804670231704854189	20.630159835564757742	0
44.572265920184257482	25.382338596966267374	0
10.061377909825617749	64.320113405953847519	0
8.346010403336370231	23.652658522333464219	0
1.107682994947435384	22.603789397624247215	0
11.870204037413190079	2.732023056812190376	0
44.992878782795351356	48.900199268475425640	0
59.677445271185057152	22.305809581028217536	0
63.936666885014226125	62.035411559380698066	0
42.878749775353533380	7.697079520000913000	0
65.389700119710155946	68.212544704839430665	0
29.811346502935482050	18.929255740345670489	0
37.891788360479871756	69.727853158736550654	0
60.059077913920297931	30.643202783433515890	0
50.612923515047761214	45.755618326507303095	0
10.788874848342315360	29.052209042377338477	0
49.485524288026603301	19.540959766894559380	0
39.950109363570405208	57.450371826266483311	0
37.677091442250038256	22.232517078036032387	0
63.994329461346268317	55.323673284711134102	0
22.722510511065220129	12.619018144845238538	0
59.446282399334442914	28.488350802747831381	0
55.462596834587913008	42.572124551319056707	0
42.458512049567225688	0.894937768391915967	0
3.399739543611982384	0.212921313017650188	0
56.979314381003192125	64.005091989881350401	0
37.448759191446171712	12.846425766366117216	0
58.201711197775395590	29.978565878509243703	0
41.169257526862033103	21.931346517541395968	0
34.109458863141796314	14.163513952775369731	0
35.432738399942856233	30.867138497064949831	0
71.590076335312019751	46.602608283274555845	0
51.199662883386821477	9.618341399846091377	0
62.658260141966891865	42.640407296869305753	0
8.537703943433028186	54.062660010929441512	0
13.518134076024788115	1.767242099006276934	0
7.525273189849368549	17.424286107982492666	0
22.951752221841783097	63.070396380211434462	0
9.100339342856026192	52.175793903921992012	0
43.918943791263423293	47.252141178220782081	0
55.203857895345599616	19.690780368231230568	0
71.344997616632980453	3.467200936568725300	0
27.342436399743931474	13.274673225704233914	0
1.297019686745978007	4.519577085852730214	0
54.903706611987438180	54.799183920491607580	0
52.790994842288036182	22.178892305391201489	0
45.212774736912884066	7.392054439648511277	0
0.788184473310130085	40.915148013839576890	0
45.095293601300220132	62.300558098866844148	0
38.893454465208272097	2.483207551214779762	0
17.290452037438271304	0.264483848288560530	0
23.477131144026024856	1.512099811789160864	0
37.129042572941962419	66.027007441644812502	0
31.142261300085969822	27.825170814215276494	0
38.919732778398881123	16.450055707073904188	0
39.716031346716370365	61.779046361902373974	0
47.739452168421735223	43.248572765664654582	0
59.378374708788498992	55.104979353449294877	0
65.998805829244261645	41.104569859549229704	0
11.255652441295278976	35.723173481349057568	0
3.079708435682785961	56.480922822622886770	0
51.240162767018894385	38.596226317112176218	0
34.901791618874383971	3.338184897621937264	0
37.520079002891279174	24.169275812473507870	0
11.532276518323689274	7.146717405860083971	0
29.704611570600739867	41.732005638021405503	0
19.868542973620499481	16.174754727182065750	0
69.693353333634448177	46.163421246234861428	0
15.481689224096239599	29.401481886007648114	0
26.360278490481871216	29.597174459414056003	0
34.177877929931064216	42.106627426447872153	0
18.344794748815736796	48.682676930997530462	0
59.976356931802968120	51.280898910492219045	0
61.843468075003904971	8.342635196358321181	0
41.533183815547637607	54.147092850471246095	0
7.252468778598410992	8.748450518747159066	0
23.918113388487689974	21.431704872189040856	0
59.517279284997044897	53.201451680634924912	0
30.849449945799296557	10.806867374821845118	0
61.420480534178032883	40.642317011203957122	0
62.127678705849312735	38.799112933274436443	0
26.951499705132292206	50.622354598891121213	0
7.120718502465813948	29.741034804117937540	0
2.668970276267882191	70.135759097636125148	0
43.758638653527597739	68.095489967208777671	0
53.087766785088959409	7.981371402781046953	0
7.051077574368079581	19.310679931808778065	0
46.943719364865913235	14.827145747763621486	0
56.103983080819403995	50.223292556368924977	0
26.480626497813876341	68.261056633035380514	0
32.952971026178360603	34.158234454871703178	0
8.003104363170745472	58.265865469237510865	0
69.104738799794915849	27.679485674185674071	0
61.653639812460262704	12.681910009203427592	0
51.837281859298066422	11.441789667533310393	0
35.173223389424073559	47.874965154617747487	0
28.826268037746565653	50.098615086096408788	0
43.696930597289856735	23.656868654990063305	0
53.110262055554009919	9.931192538976212347	0
10.417155175915695509	10.365645395536398965	0
14.706280532841397246	46.021808963619776023	0
52.590974514344736690	68.074848838046321475	0
29.405150767895012365	27.090922458565902531	0
52.764454358067908402	56.156947780527040948	0
48.633865361484268419	27.869529584425510649	0
61.643386811195298947	68.117689251240506110	0
40.623868359216658064	1.584509029018466242	0
13.254869402442807313	6.285738579749307497	0
53.286164775474361477	12.698408194521128678	0
41.164520295375488956	49.514587229969691862	0
39.816348013895158431	69.805061165936677980	0
57.476697320021628457	28.167923768505843896	0
51.424230735068924503	19.670220233459421166	0
49.273647418818498522	2.657790767241579033	0
61.952394646987031024	31.268956631829968984	0
64.524930877453712696	34.828550076329079843	0
34.425492194194916351	35.440210682038660650	0
24.067719040360348259	58.677292697516115538	0
41.532493363560490707	19.981414752067145457	0
34.255339754791798157	17.679458573059324777	0
0.128048871550515142	42.907184430488570115	0
25.213998105064359123	31.116582937055493829	0
29.566425594278445743	54.664482667125845694	0
26.566592794699371183	11.474178747845668269	0
10.204411510509554972	23.153672462395107345	0
53.692351828213837450	45.472712437164823029	0
46.493006324565904208	24.967909513038360814	0
16.997242232873997381	50.083109811663831579	0
54.474510233795960801	0.602330407923253874	0
70.983291379966715340	34.424871202471344134	0
45.192198550467601592	69.383992322273826403	0
67.256082041859599485	19.116256244475657411	0
37.067497818934469933	15.841187698552195329	0
66.175849784868034931	5.478717586790534000	0
22.493218810909635152	40.624866763580349982	0
61.847623521094647003	50.742010104205128584	0
3.601221133440579258	63.687544883851174404	0
6.450462103428745486	43.805103091489847600	0
51.430885306393172129	13.378269951077250255	0
23.327390357426423861	31.571873766059674438	0
61.757101347501830446	10.744914842558198842	0
43.264960215214387063	53.293084376829433779	0
31.944508665313783524	38.780402270274827004	0
66.203414259877277459	33.806951727919745565	0
28.847377353963413071	24.757729245505313287	0
41.206170562501405641	60.468351518814962731	0
12.819349682432800819	59.958675718399838672	0
42.873403866659444361	66.339655726781302292	0
53.299848146350690570	20.202032344328902269	0
3.379795392548850863	19.381659028116001053	0
38.838043237056808721	5.411439457464766178	0
24.622931864213558839	68.870571506015153318	0
41.354964854100167315	56.081803941704940542	0
61.370585642405856674	52.632589220459877311	0
61.710339549723201458	47.176485047067728829	0
15.600939143584737323	42.027463518552877986	0
17.833568179637222073	46.426821907959016755	0
65.299225768822068972	19.106860551714532903	0
19.026418971122808443	1.138668924603670307	0
58.274082435802192492	65.469744902368702810	0
46.249189561976194796	44.554410710789149164	0
63.566821341480263641	7.399185457926884091	0
34.737322984578639762	53.499089922573382694	0
35.098631952311599491	15.901434833891466170	0
9.583667982721040701	50.285926099412080248	0
13.503672760627686955	26.353630855396314558	0
36.899763383281232620	20.415838513753527650	0
3.614643209790952660	13.266165489797240085	0
11.481980066767727422	61.430650197998041051	0
34.540550872925948056	9.740877052019484950	0
33.627816958511253631	56.829792856970598791	0
1.464230525667540084	19.061212449049872220	0
45.997705511830922376	5.560151753871036107	0
33.585854103129591408	46.770297712608041252	0
2.585242910751285983	30.498937044095480786	0
44.039899213473738371	35.133563681814813151	0
31.083823337056610825	70.251495084840442473	0
54.423996617658161767	57.195856369208520675	0
45.862728687697661201	64.083620550825756368	0
67.250545489463306126	42.554544042205641574	0
35.514115137797915622	43.549359324515734215	0
5.883095384993726640	45.688724910873382612	0
2.755357094324749401	11.500042402230766569	0
38.504467044982533253	14.509870256628447649	0
18.268334463405146550	32.009393671513770130	0
62.626632978832418530	48.939855597584710267	0
53.507998363200464098	2.276145770062679041	0
37.987909612569460194	36.859971138072360475	0
55.647144654446130119	4.977394693566111528	0
12.149952284368847444	37.490602230497039216	0
15.968087100228867570	36.098908816265826260	0
61.556987390419401152	36.918246831182116807	0
52.715558804572445695	58.118169353863954996	0
25.694099774297093575	55.184212376503118946	0
7.194522144907751660	52.718164870823493118	0
36.414714282075216545	10.109627998659188819	0
2.174379436449713321	20.925656446050396653	0
9.559459871705740852	55.680954143564164838	0
15.426022359196078781	2.282508664645958252	0
50.712478823645227521	32.908965513118069168	0
54.595718901075613871	47.224371302656081184	0
32.775693488737459802	43.463483888000453703	0
37.677828827481008034	54.801632830835323773	0
35.191710187666231491	66.092186031525272938	0
15.506168607126030068	52.469954469917460926	0
27.686576348909763823	26.339761938444592460	0
33.128247033937192612	24.187205921182876267	0
52.036980786610797622	26.557532990335896983	0
53.808162894156467360	41.568922373330970288	0
5.645723804158798487	3.073259499975027342	0
60.081213704319516467	0.259760954542683109	0
7.576803653981331266	38.362869923550071860	0
1.454867645452834646	71.682847184041449395	0
17.918903810789693409	6.033289424831671077	0
33.348878389718159099	26.146665011884021368	0
63.664934055129464241	30.306306606999157793	0
54.583944287226280778	6.656979870850934233	0
29.659232643133794483	29.059967186441241438	0
14.314488893277488302	16.375932075939676480	0
66.564762077928634199	70.974426596981828652	0
58.047096021984742720	56.538559220371503500	0
17.790611543560761021	19.485997987349243488	0
40.692131921885049906	63.451782476536664035	0
34.464667914413055883	37.426108031636097451	0
13.764259594648663665	22.748199790703580447	0
43.057639415669285654	49.055486238114475839	0
70.189280758688511241	38.983834147136121828	0
24.386596922793245312	29.360499311094475416	0
50.012035724203720122	43.900703331003022356	0
45.667248185552764994	36.143962412062649037	0
60.962507843655153295	16.404633341164029048	0
63.475448953857338097	68.711340064951031081	0
55.724829534528723229	23.287331360496640542	0
6.698948627215972174	6.863841595979128130	0
41.438349891701875549	8.997520958999455587	0
66.798120740340507950	15.591518544968302251	0
39.786142178589592788	10.063057667043800336	0
42.799306464837819419	16.300193397488818903	0
36.058349318289877772	14.185445542699033794	0
28.146723068828752190	30.316461644678046383	0
61.755243318669165831	4.463087565658903522	0
50.492654496908087935	30.942345610522163923	0
16.966719108575382791	37.710008819217527787	0
19.239310033073309114	68.253555923759861912	0
32.976674678038875754	28.031811651411434383	0
27.594121030989487764	37.550593708304567997	0
21.492205748256843378	53.431453492959825269	0
13.346696153233674309	20.841035426333110792	0
10.628478438145601004	12.241539317159652711	0
5.911654809878728933	54.172399604528038708	0
67.853285303410345364	32.741489692426554825	0
7.385571918895818655	34.584730978852505245	0
7.443860116227579482	3.822138007222199541	0
52.513795880266016525	66.122356438066631767	0
56.277336476383545971	48.265867504692188561	0
50.162240626014032330	40.273843469149184671	0
54.671905624050332051	21.615319949276369016	0
14.469660026891666860	40.418001534955600107	0
21.085327844386142715	31.747637429183768631	0
9.301448347535810512	35.242190762497699552	0
56.145869738671919436	69.620648696608142814	0
15.473518378690583219	34.285695800318833903	0
41.524165679835817855	10.959103088839119877	0
47.608376566329901891	36.330326063438505457	0
55.202269170889081806	13.037542241467585669	0
30.782192069442455562	20.623688289745569335	0
31.686468880285293181	63.190047090039286104	0
22.266145808803738504	47.514431751106670276	0
30.802792524281695563	43.346594652913047696	0
58.483988747741577185	31.867633629329823464	0
48.600860996639944744	56.483652646363744054	0
24.383679236357487241	3.242668662923763989	0
36.634543517970421078	59.379474864758726937	0
67.697579270079572211	4.250311590215476443	0
61.390860486908039206	59.167410674863894826	0
40.620765340583950831	26.439922870492207352	0
28.401744948535693425	2.255731369082893956	0
29.402152452522635429	46.021166420840906142	0
69.082403717755823891	65.774132398139542488	0
38.728649699835308695	18.393554909602151781	0
50.066614047202158133	26.497440227912601785	0
42.127397028984084670	33.805792199991017810	0
70.381803427467616530	9.946821310734669908	0
64.015965200636458121	21.786946174227232120	0
48.898649896922101732	29.830011259984509309	0
47.308386433100757529	4.103918816378867795	0
56.129127779903512874	56.311185258506903040	0
66.089086794286103554	31.852409972004785743	0
42.119157195280841677	62.206853953822005110	0
36.321918944324288248	8.147173545725763688	0
19.757456047410421718	19.741958876358307151	0
55.542184148766004625	27.918299586763509978	0
20.880231718484644432	67.192483654216999867	0
33.008148118183278541	58.660917984409898907	0
56.261103499194518918	71.580802695181816375	0
22.008921213904688585	10.673436101472521642	0
59.484233115405793058	17.702293322986964341	0
56.248692963430670488	46.277920630712564787	0
39.447137161198213562	28.012344048728500923	0
55.059463042437663205	63.637386671424224005	0
1.159304449188517605	35.820051882689334377	0
58.540008007559535486	62.862727903944488617	0
9.843222974738695896	57.570478513836796708	0
56.102458925646281784	58.244975750443707341	0
56.497877496860681390	11.176970232469740196	0
53.985641253137792717	26.718564276761210152	0
71.025829044971501958	44.703215735297391120	0
9.502085616756337672	3.457932277106519070	0
11.623970177044682828	19.866684327639735130	0
16.238662989503755085	4.021371602722045857	0
38.070246438168048542	9.092073648989597245	0
13.412083221962575408	54.609630279656308005	0
11.895060461762195558	22.122084470190877425	0
27.614142377058833233	54.769515033566001705	0
59.939692087813625676	4.986565715241841446	0
70.193483846068417620	18.771080179011168099	0
23.311767602988016534	49.159785403013977145	0
8.504926980867935526	33.007241632619304994	0
62.532397725766266205	60.711095130824119792	0
11.381169466772165677	17.911172033326511865	0
41.449406782876877742	37.548664205102454616	0
19.104900500435089583	40.302267620871468523	0
8.464039891314694586	10.309147616497988054	0
56.092283328588024460	60.199979686544594415	0
67.364646565217228158	25.657090798353998196	0
45.671806634852288198	46.400946235442944499	0
7.779990999669438523	36.465786883653244388	0
39.458395972894905412	55.579444060834148900	0
29.895853761063492016	6.365012837505076071	0
40.976683189942050944	71.374637310902457443	0
11.790164119898477679	9.018959243894864031	0
28.129294303884805117	5.563977725727814239	0
54.555367435840025792	11.198684123190616901	0
63.563773661889385380	19.886805275609507504	0
25.355121894555196604	22.666805416896217196	0
18.154335132879442227	4.074142906118908947	0
42.225955304527509782	35.748428122788801886	0
1.577197521383435719	47.499006865902018149	0
17.223550829168452481	30.322799523713896974	0
7.059363090781371142	31.683902099955286502	0
17.397400528381179896	67.578587613742328699	0
39.571987932322919335	38.000329070749657490	0
23.791906545977834497	64.843021221517474828	0
55.474119151326995336	40.577100507157958020	0
2.337090115014009317	24.962789072757804121	0
29.753946297243793140	62.996773525216596568	0
49.320026925523279715	42.075924680449773518	0
34.065375146232128145	5.075663136179825230	0
61.059850710666282225	26.723068158002934780	0
0.678119533741110558	9.014096003702130488	0
15.148993717475685017	27.468256118540413269	0
62.863282578654725796	23.370587495489310470	0
62.049612494711695376	62.626689121991802267	0
0.437573308649693959	24.461215438493116636	0
60.283170516661812144	9.472813995902329864	0
4.602881499380486297	70.373869966644136298	0
9.664277517546807417	25.076316440566944976	0
20.561873178707735121	60.144682593281515892	0
25.374217062939223410	12.980365574414575391	0
12.821554784910846436	39.304613335292501120	0
5.319204515580084447	9.028031396999619318	0
4.951892681801836282	55.907822138271654921	0
7.093523835746731621	40.277499817300558504	0
46.572361201854924673	26.925285848183140303	0
50.696276366706335637	36.683690570116034735	0
1.289739178310781220	57.349300881542724539	0
14.109882913921603986	30.794823859748060357	0
5.296290841557842910	52.274896168685728526	0
56.560220652625694981	31.740235138143475524	0
5.888440199602015035	5.052610756555152349	0
69.653367864313793234	4.529052345634984711	0
55.409107708756614841	44.520650621396903546	0
55.881617876934839728	14.859402269302270483	0
14.815411415657633754	59.911105202015839666	0
27.877413823218748945	18.886028749718033026	0
3.310716040711553010	32.312801041739888319	0
40.157020623027278816	3.969347161522960743	0
12.780558593148782620	45.713697239745719969	0
23.346781723934586950	27.671052794349581205	0
3.532215804537305992	28.746199053654912348	0
4.598298445261493228	10.865472221906804506	0
21.587498891047154359	8.786910109237346944	0
30.313089999951404963	35.234778186198653316	0
31.123473702840009025	33.452456485516222529	0
16.647724146123834998	12.824547618006420180	0
15.419656667963041130	67.694764812639192542	0
63.768565464577179114	50.547702646997151987	0
31.892478871932205209	29.660945030375611253	0
47.210792218580628798	52.052624850253302213	0
50.489909770899188857	17.919806409529055458	0
7.724839992071523831	46.239430011526259534	0
17.434438607701988388	33.949194575803559815	0
56.275282856638483509	29.736866404805791575	0
33.326490168160347594	54.864504701841930512	0
18.156697573734710716	23.959982908226724163	0
66.929337108535520429	1.122888401447178053	0
16.083322276228436465	61.372188068010167683	0
52.990251210296541728	51.554354061758047578	0
34.082976576198241503	44.894542942202534164	0
33.615666680518451415	62.841627854573680168	0
0.724480763016734919	59.204054745816584671	0
61.017425651482852800	70.249741434723887323	0
14.416696117867388693	24.609398278366388269	0
66.231442248554571961	17.426000057591458869	0
61.669361406470599718	66.162545630009631736	0
52.008145075818383418	44.436553931986857435	0
4.947481393787554360	49.928442588701827276	0
8.954470676811014940	39.696855688765438686	0
10.241853313393116665	14.166804005671497890	0
21.750971226155645155	6.875360606788676776	0
27.962059653385534119	0.353573422116548464	0
27.849307700659995390	28.316253777794983648	0
2.470424614452587431	14.869773122767657725	0
38.035476163772024449	7.165077924593519221	0
35.334841656896387008	57.878813358483547802	0
31.845410413409080519	0.336357907435521686	0
31.096152705829680940	14.501408087509268796	0
24.019076562596261226	25.813185009899328293	0
62.707265367249583221	64.468313934030106793	0
39.640370422797047922	48.360976107327083184	0
38.095727798036037370	11.035489666805943898	0
65.450094407272288777	26.091353920289218848	0
71.023383452104823732	27.321353128466085991	0
54.374831794844197930	59.175236211750601001	0
27.850733830015698800	16.762759120321533146	0
24.113490093393519231	46.922101624948240328	0
17.423938632590580511	51.986331690207791212	0
10.915417346866282955	39.687730277178772553	0
19.722039363261000489	2.919055487940860782	0
1.697690850310939581	13.139606042169244660	0
12.403350401251813651	50.121130208546631479	0
12.079898383607853063	13.434717671008110429	0
10.200735168556700927	21.204188487868389501	0
46.241400515043999064	31.564060320407310911	0
52.594005345073284730	37.134085041423880114	0
55.414892017843087046	38.161398202604011942	0
39.488662046144099804	22.979680518605153594	0
24.190645042058175562	44.987552640686601535	0
27.007236466289889165	31.927890802856779828	0
47.665826822809364671	18.769729000195773949	0
53.913705646422712903	4.141847193269647676	0
0.936415105662821490	26.321430849726365153	0
59.802453706823783364	68.682366806488772681	0
18.992432198149728606	17.956804971474291222	0
48.221733511117299997	25.938449417484829240	0
36.111257976204775844	36.350369041829416972	0
7.501295949249867867	42.180493161815292069	0
64.936888766349639468	15.028324754243362449	0
11.582344297234181241	58.490704433293061015	0
57.874720055580240796	61.053440777856216926	0
23.884433770574450051	14.204104804636330073	0
39.313185186206055732	24.953767244361539923	0
11.027337078416506344	51.496049546123025209	0
25.646210956615135501	37.441347401377690574	0
63.641408071160235238	47.278842701763558409	0
62.969917942543069955	70.600930097332749824	0
20.129847778325455465	10.025958311125307887	0
32.674806132372701484	10.177629779084448103	0
70.609103824263669935	40.852816354263879361	0
28.428840746982793064	39.292635356626327336	0
17.967320194227163199	16.357322576178074058	0
3.967666257746561342	2.083107912885279855	0
41.611279859789590319	47.191676220969476674	1
37.364058606314316080	61.636766055790396024	1
37.869296038007369987	43.614384270421659551	1
70.630766900202004877	7.623531576456769265	1
3.050081522799464651	37.280476501621549801	1
2.708387109181219277	61.481064467429817455	1
23.561715051339625404	38.481744120316520252	1
57.762493748798675597	44.516642324459958502	1
25.743071302835438985	66.078819371258049387	1
14.024104633446189183	43.735855353639912835	1
7.227262238506200198	50.461551267151470768	1
5.710377816842162169	0.677607257426713017	1
62.283493072808212787	34.783890455210276116	1
47.160494462227404711	68.118486312522705362	1
19.798994720552439475	33.731247975758748225	1
66.320171315044746052	36.141537221232574950	1
43.644246119351151947	55.614921945905770428	1
4.356048537880450766	6.884765948964758131	1
67.704364704439058187	63.853038645226163794	1
0.914789722587723508	52.484902201133508015	1
66.208123609479486049	10.674914539348694831	1
70.738545523056046704	36.682335629294293255	1
21.888016606449756551	45.196317487482502884	1
26.310419817318724256	46.004446879280152416	1
21.490525986472771791	64.940741659526054264	1
59.554372100338206053	11.622158726935612805	1
30.447933997867121292	65.232012221561788579	1
29.628622407888613566	12.819800867741586003	1
64.587201692358959804	59.529509076769400622	1
43.415550007520394615	21.351891061624300505	1
9.613837822793003696	16.399787220855476022	1
20.162453893232527236	5.216123781913493573	1
69.561739564361843691	42.862050563720700325	1
18.056411508808459132	10.992123276769188323	1
21.604105929760741844	69.381682804837993217	1
2.970162844839195682	9.186608546442380785	1
61.712439382028414059	54.921506069313977605	1
20.002574008525851212	47.064616981094367532	1
19.154780196263462955	53.551685402590429419	1
16.635748671297307055	69.730270825648602795	1
45.645428742152510893	19.942882189579446361	1
64.970668937180178659	43.206840072123462448	1
57.311325476901608056	18.632106742412446465	1
2.987284173427592116	39.989699191797178912	1
50.486657289666062809	21.781005799836432146	1
68.900826533566814192	61.432754805450223046	1
23.792786953921716275	53.793564949478039239	1
60.341308593083383016	64.276778337224300230	1
8.964668291412863255	62.343137164388934934	1
52.097670863359581972	0.551240182626573150	1
71.659199867226533343	61.358374553685884223	1
19.278355763793129540	44.521213558697823487	1
7.288290422176367578	56.047853647008146538	1
31.027513233719563601	50.712529151967707719	1
66.729157590409982959	66.311036052187333212	1
65.460613493818911479	45.920813344758826702	1
35.176908549096232548	27.700700219857306905	1
71.153034564669155770	1.098004349714903460	1
18.048094315841957780	55.931324003285681101	1
23.550373861981206858	5.416665398957270838	1
11.164601818819203771	26.835013834008421441	1
23.640034970634278721	56.365560754670845256	1
63.745209488699806855	40.532701005007908179	1
45.195587590653353516	66.283576265547992534	1
69.986312437233763717	67.953299279559786328	1
1.217323932245245821	28.614369489068998575	1
31.985281359043671756	5.872333365706678521	1
40.655854404119267542	65.691690504654829397	1
51.613742336877855621	42.130991912617659523	1
43.678493035010724554	5.583695726035220019	1
13.879461066721351159	4.051099614699054996	1
10.866353650357115868	53.759392383356008338	1
61.710924011338633477	28.959653297818583439	1
5.318948069582158489	38.771247328069719629	1
45.512742610951676170	53.573077798180605669	1
0.426117902858193065	11.287346865136811402	1
68.831789794684837602	14.516768176019118286	1
52.145707655599764507	34.783054269992071283	1
68.693462137424347702	34.905320879983392501	1
18.520896120262740681	36.043637423001335662	1
41.490352816677756209	24.230782768359532042	1
19.458908263910668524	7.806966710653513886	1
13.174051352196144649	52.354417389728460819	1
60.293160679280369152	42.706607748623909515	1
47.785304694809937587	65.433348475776455189	1
65.828544309664735579	51.549191479980514430	1
67.962849070074796032	50.025017737712623500	1
70.319194325707002236	63.729120067457820653	1
49.356745995379611713	34.780290217873847780	1
65.671924031065060490	56.995130274028490192	1
22.427390177285538186	33.690500206529030436	1
58.020056219949786680	1.381936447340250007	1
13.149814410599892867	28.675841262161750223	1
14.321918676988143915	13.296494724328020709	1
10.552594842798853847	46.401845648583645243	1
43.502437931885374667	64.080583151853147683	1
21.589975597111035199	14.686849346125690374	1
66.239680002638323231	21.238302055485362985	1
7.113124340680415436	60.422768201032567958	1
13.295543112640965333	47.949379066386974557	1
45.850855169184342230	17.218029165454986185	1
68.895514197049976701	20.761368228413374482	1
23.166433022044596868	42.879098547983133471	1
70.105464762918629162	59.113925596703730037	1
35.551564823914169722	55.580518785784882141	1
46.699637147972552498	29.239373555100652169	1
67.938030920717949357	30.419490768279999315	1
21.307249718289320128	17.984360316487894238	1
8.694669241165712492	28.034409285525399014	1
28.072242391884429935	59.341427713569366631	1
60.331874817696338198	2.631418590983721550	1
51.475716562242212149	3.244745893646903578	1
26.187897525466762971	9.188273407409457860	1
48.952124183252095690	38.256470226581498650	1
12.160846638306185952	15.703798722605332827	1
17.920898979726473499	42.291460745658291387	1
34.069977708954979789	7.477552581692666678	1
39.976153501878428642	35.703301299659003121	1
70.444823537507943456	54.007822287821227292	1
7.757395486466225343	64.722930203282487582	1
60.725110053530421794	24.373995113586129690	1
25.825888122673017477	43.371044276128777994	1
62.647952714249768746	14.783213958084337136	1
42.084785284819481888	58.290978542993919120	1
60.305953718642321348	57.175990104345423504	1
11.225468436885751800	68.982385577814184785	1
5.216188824351451814	20.764499574975701535	1
40.140221152872463506	42.241698691733937210	1
68.272014679110711199	6.450732089279498815	1
55.311598412325139407	17.076010266850225605	1
38.714131088519636137	0.149571807001554785	1
3.181463596885979239	34.652669880279276526	1
60.300911500773942464	45.355502418751107996	1
41.461372796175190558	68.223220743021741441	1
42.351138897298980623	3.220244514571943828	1
16.491960033703410460	25.597163442943148937	1
59.659978797629548808	35.539740580956276972	1
28.913500982926901628	52.432909841457330913	1
29.899415971721655438	4.053626085366652809	1
20.945468511339598194	49.469718609558967160	1
63.139572259242505936	25.649467580089979180	1
61.753162791918413177	21.342408264122401107	1
25.803415955868999276	1.343703503626248130	1
1.251957762522321937	63.665769035470596293	1
9.751352843969529616	59.861684927331779704	1
26.645254164435950628	3.845406283420082616	1
48.882164440344652689	9.644390873217432159	1
70.445446046432593334	29.575259995580150729	1
32.759578519203671476	21.870026589249093263	1
65.402408206100915322	48.837493115797940391	1
48.294885656246577810	45.564773903108090281	1
48.517908177066857434	16.611242755980150321	1
4.198935147334495355	44.185351877684269084	1
18.987450920231026430	65.886245274473523637	1
57.642652442459414885	67.766343093127900943	1
6.126829680745558449	47.979910093032977159	1
57.429037553630458035	33.953315119800905109	1
5.449545797065463049	33.302253456867177306	1
50.602154352967360751	55.251743322062949915	1
46.353285322034622595	56.105623881518219775	1
54.616918272545284196	35.974269117061815848	1
9.202282547451490657	30.769812425312149884	1
40.798869307644466176	15.067027995113742023	1
21.305703836782061700	0.572620594144549577	1
10.779799882396744692	33.451338835692205009	1
0.733156427312913306	38.604577834078128262	1
33.180633965196022928	49.048095033362862694	1
71.687019682029273326	65.989422468449262738	1
23.188506592648742810	23.626953529100251927	1
28.742438305312191460	56.810750439888103358	1
36.363546323671158689	41.347838849276719486	1
52.730502970580403144	63.759812829939392032	1
14.730966835721156727	50.242426291572265029	1
46.315826295103029508	60.277662759708988460	1
19.474139113023294811	30.010650809330570610	1
68.877284883418184336	71.322450151728475021	1
37.420789233786948103	48.233407018096450258	1
15.416424877991715903	55.722723475434385421	1
23.609172943571987702	19.221914870504622996	1
39.883750942605793455	33.062479283803149599	1
43.069612291150150440	70.354594465395521752	1
18.079675953567548419	63.374261034470904974	1
64.633455115028468185	0.571039216971817032	1
1.074482295408824006	33.076378832061159585	1
66.231250975633415123	61.609158444202492433	1
15.575896785434016678	6.217693263928061320	1
35.400077955313690836	22.431923799827469423	1
43.431501374609844390	18.560269493397619556	1
19.146253162598647179	26.020048171001864290	1
9.479975089671976107	71.053713089997501129	1
22.087558879966309178	29.614781341589971220	1
36.645764197944068030	1.825666648079585119	1
32.868856033500371439	31.815073118756853177	1
46.211713586685817745	9.536625062819423349	1
37.548352773722903919	34.541144003112542293	1
8.734855516484559601	5.709172838754457580	1
8.733846684751386036	44.221828734671177585	1
54.778708567042521338	33.316372553251682120	1
7.346183787511044727	25.733651549611685994	1
68.270641872418607932	40.416072570500745087	1
26.103439685075496612	57.506903643813579663	1
28.600970164332061074	10.423219685284601965	1
2.679459690912219028	17.143624665637400284	1
4.609724552763994510	25.461662859210399290	1
25.665147969016171459	27.426874521815385322	1
28.506971887218327311	43.868247500731456512	1
41.552875713086983467	51.750738887460038029	1
23.771401120967944109	8.134881862255324947	1
45.810280636044588221	22.726221446194298181	1
24.006930350593016499	35.827317431554973837	1
18.635381325586276802	14.140762890192020151	1
9.727289635445753646	66.651330194142531127	1
9.522931628108484148	8.235284071777311254	1
44.201668237144829732	51.134942939843789134	1
44.748699132642130394	58.114199497200850431	1
51.364240182801403023	49.941143410885722176	1
27.840207137347800170	64.422272128683403025	1
60.261418898582171266	48.999937874593378240	1
38.733964557117047889	40.098748156961633526	1
13.844711470113129081	57.846296033071602949	1
35.684472681672190220	50.182875034407175008	1
44.306370771485163118	32.888795811479873521	1
39.029582747509458329	46.078156473382399838	1
37.633695849226647567	57.210698483665261449	1
12.168396876508211335	71.596191604657960283	1
32.348249498248485168	60.910385563915895091	1
13.137039374217353682	67.081419835205664981	1
58.331271592803361159	70.443857984446722753	1
63.885430648502897100	32.605867420002972779	1
48.446361917711570300	23.661363222958033958	1
14.066692066626218960	8.492424814663785071	1
21.262580571409102959	36.163632213346446065	1
57.517069302588595292	13.272085140737940989	1
9.790867977528385779	41.770675730362626155	1
59.428524580721642678	20.054370773027212493	1
20.621006485386914164	42.095014744037555943	1
5.207409671645088167	65.416172173153000813	1
1.571344174945057626	6.831495389095563198	1
25.591929171716152780	48.690399269254307058	1
37.498950139863950426	31.885258028976075195	1
26.044254640607270801	15.210627927713181506	1
49.425128367141844876	0.276548503607931206	1
63.951880791383025837	66.450021879105676703	1
61.656179686941378293	18.603165894911402489	1
18.503276510870616534	21.685900695109246783	1
50.393279207025848621	7.481540037925229925	1
39.275527339987526432	20.599331660327827365	1
44.597381919715985532	14.815243070158484073	1
32.749123300096137257	16.023553660875094806	1
47.561411245525576419	11.933720910648002445	1
53.994113136717366785	49.458812696988751156	1
9.353430618097926086	19.057395828954174277	1
35.739172298077292567	63.845877606394907389	1
60.201691303825164425	61.182606350425736252	1
20.461609575299238628	23.588341135113637392	1
22.855006310646722056	60.742044956094758845	1
2.659058752567938111	65.891474951299230156	1
44.244396658070442641	40.079778303343339019	1
57.851198133432696125	4.159832045562486869	1
20.415441416209628045	12.301330224644548395	1
57.235777750436895417	36.660452706826539782	1
48.969945916533639263	60.158204001577090025	1
15.379497609886563225	10.833695827155784386	1
16.074715761890434607	47.915274802216003991	1
66.853706099151906983	27.955471466287750815	1
11.310309469975196706	4.922479460218376346	1
53.508067627619091411	29.037057347895860460	1
59.700376790473846711	7.260432780433866640	1
67.574771666932662129	68.912660423643814056	1
43.585333282551019352	9.896489850628251261	1
31.384118906499551827	56.158668334892233531	1
19.236516250926754878	58.213673110229379404	1
13.781133974306481349	62.007973414173839899	1
52.833190513486066209	17.848645153698406318	1
68.537331805274803287	17.184358329606229887	1
63.977180511715395994	12.371784680866801054	1
3.440644987410140576	22.898269264918212684	1
68.862349435860721769	11.777880195763010818	1
33.390910130228370178	70.289998542818167948	1
5.626655251411104786	58.174897511749641410	1
68.208819826826854182	55.924554281033515224	1
57.209051385219659380	54.294361552589066378	1
27.693252673549427101	22.679124394945258558	1
28.727447507237691582	33.525349432267582017	1
3.617623949215469814	4.342251706589332017	1
53.682099644828490170	24.377611230016075439	1
35.151626214458786990	33.230023915739394624	1
55.714022704190213631	2.610141554955728971	1
12.120281120435928202	24.427455321091517959	1
7.917179060998996931	21.395925839187135864	1
4.726523091582528480	15.334777683598215248	1
39.025548808945188739	59.547699966899799051	1
60.419983589451277339	32.979346726844035231	1
47.682768946125932530	62.641082397592292352	1
23.697494774464210820	71.002567095226012839	1
30.324318585584869368	22.915312474737998372	1
37.630291217149540728	26.535549109709169358	1
57.997041761520463865	23.780842532081091889	1
30.894465579120261367	67.922868813016378908	1
1.204827980549377564	55.071992817814781063	1
64.206220058239750870	28.066273203641177503	1
26.106758070308988096	20.473064793561292163	1
71.376192084475206912	70.208582601783518840	1
1.612193238143343921	45.100574305232676409	1
23.567705533148270547	16.494000899381493497	1
68.324580524511517865	37.695463248121988897	1
13.903179171138958736	69.504510814262530971	1
66.509328805576416244	13.278415203632436103	1
58.364930499430272448	47.155271080647587212	1
3.176467144341145410	51.316109993674558609	1
34.575535412321251272	19.935065322986346814	1
38.455480506643581862	64.106195824925279680	1
50.894247846987163086	28.641114520213157846	1
27.459921620936096787	41.340178211097509120	1
63.923454021075883702	17.176296884361342165	1
5.833906092904358687	12.835073640616517565	1
36.504077106648395556	18.077188833249220323	1
20.958426418976834782	38.879558093601438884	1
13.464949626623758050	33.078319537116037452	1
3.608394845840581233	53.968080388456542096	1
47.667093627505956022	7.180326371680549435	1
42.519002999622536265	13.052472301826506751	1
24.272716553287285279	10.908227051050285894	1
33.116011025437494197	65.065090434562890209	1
57.958124731281529307	9.377275171657425190	1
23.187314178437450352	67.097742695493039378	1
29.915852423243986635	37.515288334392216996	1
41.256656647886607914	44.585774116281641000	1
67.812065096256262109	44.778672497042776968	1
31.117434808241110744	25.473312244589305209	1
32.132700997769163109	18.693763035072688439	1
13.839190125524027053	64.590519057872185726	1
59.790460031903471361	38.255396556001763031	1
70.231311600344326962	48.487147010900770283	1
32.339747451958309910	36.440257872753974766	1
20.834545152294143833	55.711049371704312705	1
26.805692580123984925	35.399243456559680965	1
43.602470452153525571	60.512364404143490049	1
31.674347977653727781	45.494921984827698225	1
36.224053190640958633	5.776444939747809038	1
47.555033829656416344	40.646342280434524241	1
12.686223119699697293	11.134669814629106099	1
3.772968558934544525	46.772715488788186633	1
20.643791540173538124	62.429099159082419135	1
14.984479416747086944	0.062248551785579177	1
13.610638161326036766	35.695410611346801488	1
52.363575194559771830	5.782617493549045307	1
35.986241734821206251	70.964359077423722511	1
49.817193258520532595	67.567756287218870170	1
48.501071629786785877	32.139200342035728397	1
52.648537557971046397	31.671565417356219996	1
67.715717103566603896	47.418376213217740656	1
33.495834221435139000	51.666476305259507740	1
34.058546620564143836	1.128571602736784474	1
19.187291071461949343	70.578859716221415965	1
16.854474592005633582	8.554306692242743537	1
62.960740055913944957	57.402564323359314358	1
28.350363450528245579	7.868826735176429388	1
8.112331791158505112	1.604060281194701121	1
31.988196224642752696	41.301612750332729718	1
21.826177682483866249	58.230286064202125829	1
56.987500012296230523	21.288910699552332062	1
63.628354072123094909	52.980679690316094366	1
15.956630497292687565	32.117507499461602549	1
54.110641865424462083	61.479791013638489972	1
59.983847780364321522	14.309205600794557611	1
27.756637839136452328	61.867509545643429192	1
69.702973684644163654	25.426958292090965585	1
52.819110825116162289	53.823137305669490615	1
22.759057294720502540	51.416745225396248031	1
39.818614325704892565	12.552918646603167474	1
13.592383686395191233	18.554110411148968751	1
70.801069985712842936	56.644199268106618206	1
54.893176955024870267	67.669755987089928340	1
21.611979071981920697	21.132002812291634797	1
46.927270351736495968	70.871054965482926491	1
47.183215024375378732	1.773767733883533149	1
2.393269682785059249	42.507855865118031602	1
34.106867775093697048	39.740544500595284205	1
11.361418435918936964	43.906857889547914908	1
63.787317889155616513	9.666651796529867724	1
51.105953412488027254	15.722677578481828675	1
3.050657204876887629	58.836733631561045854	1
71.278938550448685874	13.820852616898138265	1
0.926759154190017864	49.741775187266327407	1
70.156706323054876862	32.249652751513011140	1
44.272938677217460679	30.248096339137596544	1
47.162227645318175462	48.105045305737803574	1
38.828769028994244650	50.592269415832845425	1
26.276203822656562181	52.876089392328275096	1
31.052699438122655096	8.451193507598048882	1
25.834949331444736487	17.842106842386325383	1
39.401913909725706731	53.252609964971995282	1
53.831491579600438513	70.126723344906750413	1
16.327952171228620415	65.524380879960332891	1
58.341254615245397019	58.872291044164427376	1
42.808970270197924890	42.348587204478668866	1
25.986121465107995476	6.494613113855993269	1
26.059995208601463901	24.780736728172847450	1
41.786069838400699439	28.530390228003231101	1
42.016066318114397404	31.462004852582900583	1
25.114777437236877944	33.365419132095368582	1
33.515676268112123637	67.685301107990170522	1
4.350415762908962591	68.047982670939518357	1
43.751573468557204194	37.480479484389739753	1
58.773819349490935338	26.273051920777163559	1
53.596012861543087524	14.985940969821156088	1
48.726047552155797860	50.356830532886213803	1
16.529661786292265901	44.550204074632212325	1
49.145898799499221354	13.986290167513347527	1
68.288835415962935826	9.083561839567789065	1
45.004753743842286440	12.137791023067453722	1
66.035678093450769666	54.286711701987876211	1
28.377546321332687285	67.005155456960693527	1
44.404807889949807986	27.681623442650888478	1
24.835089104520999825	40.823440503083283204	1
36.147973700806083741	68.215077828555223505	1
25.357049493086108782	63.143603539769898703	1
49.427881677491505741	5.019185344857731934	1
67.370869216634488907	59.111855014845104961	1
5.232280060575264180	17.965502890111874734	1
57.761213232555462582	51.729728639849440697	1
51.755562136864178058	60.225136271259515297	1
17.463764081682839446	28.084674760348878664	1
50.416699870227205338	52.508596081442334480	1
50.359884995167774946	62.452709403293610535	1
57.411943533553227326	39.325685424264364087	1
5.177246905960205758	41.640405226262288352	1
6.924714937104768708	70.056395441745664243	1
5.716505129208608871	27.922313489870273173	1
45.069407032705122162	3.367869942507193848	1
35.356403944049731081	25.035150383874146485	1
57.655603753124147204	41.930046422388137728	1
65.702728546271430332	3.109254106176809085	1
30.680681912191857919	58.764852452336860722	1
1.729938012014877069	2.280887184283852065	1
8.427352337998646803	12.630852162202451439	1
65.869606899917712894	7.838118731395351979	1
11.835400290832085446	31.039245238654949333	1
36.257654655936143229	45.790915872997310032	1
16.757699130285704570	39.956072880252264667	1
28.810868942573833351	69.695833136125742158	1
65.893329344822134885	38.826893216942451659	1
51.151427167900720860	69.873639040208018969	1
40.911316222802781795	17.732206221634395860	1
50.420213964435717457	65.059449939175607369	1
49.723044547705008256	47.865225719226145884	1
4.949174558203837115	30.606001193079073630	1
46.710658432908147120	34.105531203417037034	1
45.512074766374759349	42.417026116124539215	1
1.412883991555101471	68.228931129821091872	1
26.288933393093497415	70.512122120067729725	1
22.001846339546823117	3.245173716214690085	1
37.281884907618156433	29.230485674937259688	1
63.927725887403028082	5.160088404814053398	1
48.198411467968703903	54.134603476942643852	1
11.789435731986010580	56.221709399474129043	1
16.079151992461884646	22.954373092345175422	1
51.040885114081021356	24.404020991232709292	1
65.195497231185754572	23.794295483709426264	1
12.454588173316313515	41.531667659432891071	1
56.091693993089826620	25.654843580308817508	1
18.288789056443654601	60.697348496475683532	1
5.503639922386653893	36.047399022054314344	1
55.259493674298852284	8.940305109125436189	1
44.743648622195372866	0.690508676886518513	1
5.774177807805259910	62.753051064195680908	1
46.299386624287407699	38.331046765213322658	1
68.882913722539910850	2.321931333442790013	1
25.553823714997552230	60.405157997730050567	1
35.112978621604000296	12.035595175899061360	1
68.176906867849552896	52.758638297507800985	1
36.854584742042717949	52.575060571580642943	1
63.042497956700586315	2.611369878195851424	1
65.047570173438316488	64.070700665301203003	1
14.726854232204784623	38.096455048606188143	1
43.922359709630967473	44.859107713679286178	1
8.743674304072687420	48.245726989053359546	1
55.164719284254204013	52.423483964242592492	1
50.405492109310969795	57.907597077593379709	1
63.817902484518633344	37.111808490304476038	1
52.303672948547877297	47.349919608083098410	1
30.732111785631524015	48.004442160334662049	1
71.596910701891346207	20.599447852866280328	1
6.078509363872013793	23.306991975784946192	1
67.876510321845216822	23.366058029709765975	1
15.630944603026895479	20.387411450753319286	1
36.509642337825980007	38.633996347468411159	1
9.825612515539482672	37.566320508495010699	1
7.046506207379223952	67.363364186716054860	1
70.365047460905941534	51.212702557142534943	1
31.491127899466160756	53.409040125137671851	1
39.696225323056815171	30.318699214755209681	1
30.145470476316528874	16.633483297953702618	1
41.064045301085727147	6.154017527514199060	1
16.186274079400757131	17.789080514083831730	1
57.018974343980268316	6.821686035684205507	1
32.407982728377945136	12.544861938202979346	1
62.922010197116293284	45.005796307863739969	1
53.428192114988732442	39.328287651982684281	1
16.537023619818238984	58.280391812401475704	1
21.759163847373574896	25.964008565165954678	1
30.230125129037887177	31.307855667446219172	1
38.822028109570140941	67.625406747210917047	1
16.145313406327630901	15.077567517789551843	1
28.101280602124372621	47.938959279738760699	1
32.515001784176376987	3.259138109446977349	1
57.887854836522244284	16.001113950478320191	1
70.499335030048072781	22.923545913091633253	1
7.350587560605870152	15.085300845003295933	1
41.505699613276540560	39.885999641004616478	1
47.913123955333574600	21.120053904704541026	1
