71.743887569893487921	0.925000000000000044	1024
2.527439466862375639	26.522821454111340955	0
52.912703119774100458	37.810383556725881249	0
24.086053432623192094	65.901090245328404649	0
13.589889300677572948	43.979189092707663633	0
47.559292314462595641	25.252739711883901208	0
45.408262763186932887	40.106035453914948619	0
47.647010198433889627	40.899681115983590018	0
7.801964339465047082	65.035664309118345727	0
42.543892748066610920	2.195232369433078645	0
43.041920778125017932	59.367383971843246115	0
6.390367270112943032	46.112791812938638714	0
53.714463543468063733	57.554158846274411587	0
48.904679755461657464	39.417124424384134329	0
9.135174129844283897	23.303893012261401196	0
65.051071684408768192	39.577624770201204285	0
11.644000177606113056	44.323700302693445963	0
45.449141765188350917	16.805439438480096470	0
10.207723223328605044	24.940072459251311443	0
37.265240392844532380	59.355730719640263260	0
58.894435850140808952	15.196899683341451137	0
41.992100084301604568	50.837701225515992576	0
29.863001280639618784	32.601494332379218122	0
0.078004443401603771	41.516121406260992899	0
27.718738176056628930	56.328928886769929818	0
71.334500977850083814	43.391989195121524858	0
13.341641836648831188	4.374975092148382316	0
28.654561436586970302	19.114365543215150467	0
30.038383447661153980	71.405387167721272590	0
16.038605001112241411	35.893480625253516791	0
1.426524423409878839	70.814480164100856996	0
29.059183015085380930	41.957785818840754644	0
12.049631222746572945	9.768697456592107642	0
15.564943420169525368	14.632048500865396434	0
9.254655323137805922	68.488680064662190716	0
7.700982986051125856	53.498673466770107154	0
6.920228479821640910	49.945952298361738997	0
43.056439063634542208	45.290615284511737570	0
63.090300044371737442	23.054345778558538171	0
15.091322529265756458	45.230275447490875251	0
35.843541987404236693	50.772315282818212268	0
18.626119568340900656	41.568180498964409253	0
7.865943589095206967	60.987218373273741179	0
43.139113971557094374	8.856922691583934082	0
13.544719420129593956	54.506888509456842939	0
65.012768655011882402	23.125591407301214986	0
57.849846403096378822	27.693948442323218728	0
21.487692736769890445	56.346348120600538323	0
2.142892228774277541	48.707876088676989923	0
29.007287413903029005	7.046019636172154321	0
38.801530527825669026	58.097439703643800613	0
70.480406095320191184	52.885311419880324024	0
64.959348890485259176	37.621180766502739345	0
23.554103629478376547	31.742673171472471694	0
65.864362009017810351	26.538118439677731430	0
40.891280329287425843	56.000433819513858680	0
7.495036818651812816	56.373242468352088963	0
15.425083675169346975	43.291540046036196543	0
32.322566570368415739	13.228858311878441967	0
6.393142962278394847	6.097937048949020777	0
24.887508017109372105	15.500227369008428013	0
70.498672479075082720	19.055357926844358474	0
26.237835451004919207	52.427416149840354365	0
37.476039997200032872	51.906965927878459865	0
56.835971195732881256	49.543312495621457003	0
64.706704880428560500	64.225338759993988447	0
4.622761335873430966	5.396021223129901401	0
61.181156561232178603	64.557721687729582527	0
68.128426646790231302	12.042311695899677204	0
69.931526674780201347	34.655183707714115826	0
37.513253240450310955	45.691903974881263650	0
65.685659871712161362	8.049118129532381261	0
29.366683445828794419	40.008124074200424047	0
56.621959911540940880	68.456349649191636786	0
52.134088968102112460	39.623314966479085797	0
20.128471208401432335	34.697334555608939866	0
18.187199521560870608	62.625803212159240729	0
44.332965276520774012	25.144204405066197694	0
11.871228541057222472	3.140595169742149473	0
50.577556243215589404	68.398080063879234558	0
4.984153949673464368	71.045748538436299668	0
51.771811124112900870	62.315075401690037893	0
26.035645690606639135	60.367635047744393262	0
55.017099803684388348	4.502470792331179972	0
19.550339743386668800	56.769934985627806157	0
2.948628858419391374	15.230030455795812827	0
22.141699778276425548	66.191706681942307000	0
11.893150140666721271	31.285850657409103093	0
28.672435932710655493	14.538527593416544548	0
27.913458470541659295	59.722375661766527344	0
27.804320414709653875	8.495910787153665211	0
8.910835028661999502	49.904046898889681927	0
56.959802488771899220	70.369870589032373687	0
1.550413681280358169	28.242103349206328033	0
48.213105018762547616	69.401451419897782102	0
1.297108096378651432	46.913353253523148112	0
13.324145450421225334	56.424365432923565322	0
20.213364766819214680	66.205399252911220742	0
54.766280708324636350	1.554325456482763324	0
40.339076987789212581	36.386852692470426973	0
71.666741370047745363	62.246714624166749275	0
69.486451437169691303	47.681610570330668963	0
21.211849726638526192	67.922136930415476286	0
26.969988906567284204	13.081606640323206747	0
67.511198474190791785	64.881130940992790102	0
46.889104162630786732	45.295810959020045061	0
8.036585107475303857	51.585483792269393177	0
5.835460458143304052	24.440754208833268990	0
54.725763069419826934	32.293497393579144727	0
50.278347940291439500	18.979195519738286890	0
66.427968135361282975	36.328237379414446195	0
68.984319534092591653	20.866249463801395336	0
12.333102403008973980	42.505812849787275809	0
13.714451258223217422	39.026050841081854514	0
10.656109325061962068	1.580695583955461059	0
22.278580353571708628	69.558813142515361960	0
22.022268557051312143	35.064726178875240237	0
57.812881777533533523	25.739898863888615921	0
31.839642047495964050	43.453534001165998291	0
32.199213681558987332	64.273395411178938730	0
46.016602015462851227	65.421298477114532943	0
24.845657670583818799	0.214688870711015528	0
52.902132579338335461	32.969446680921130621	0
15.530711654447847181	65.377620376129215174	0
61.855012796741917214	21.501027978001733487	0
16.377792545547517733	26.729821242671043535	0
4.853448936188764051	9.193484967067487190	0
6.963414718686350646	71.265790910436138006	0
10.296928139547773640	10.675965073629290814	0
5.351129741711897481	59.656122275333700600	0
6.135796016075158121	29.009428950235378153	0
40.531766788699492565	26.972155986883407763	0
33.168628599948149827	56.577327568167063987	0
61.181660555960618808	8.307281700299446570	0
15.272064265139544403	12.698111095034551710	0
51.857963368896903944	20.144635330699323106	0
49.121136463692010921	5.682864048318699624	0
31.075383369229758301	38.999832001131203185	0
28.978348403420788770	34.312615020572039271	0
39.184602522754715892	34.800989498987654258	0
53.937487843269813936	17.651606803100442278	0
43.245026241296386615	33.814513747019326217	0
21.720476530689552419	60.184375845563806706	0
13.739540288115346556	13.920140675246747364	0
1.925300051492828235	40.773130212536436545	0
24.300044165953806896	25.466140889584991669	0
21.689260253791982080	62.073408680323417741	0
25.093804104266421717	67.523577675849963953	0
62.119339548435284826	27.558961825091607523	0
71.450987408254903244	57.518101860552924620	0
62.920797839451864775	61.655103408918073171	0
65.461275103716744184	28.470036740671176290	0
26.268185600702853577	45.682729637974489378	0
30.921496881476151941	69.625806643902947712	0
69.462940927646741329	6.239119850241104714	0
28.403562835929928809	36.190481937018326164	0
44.652331348871243222	32.456731768723564358	0
5.939555300363569934	44.234232311377255087	0
36.947357068437312932	57.469754946051665456	0
64.603849437898219321	25.043703359947137699	0
3.655385082141568542	41.722781729470121093	0
26.498989102704936016	36.589530588001423439	0
37.329244666532076735	53.853380956370472177	0
60.667769596692160405	55.936858776338702626	0
2.548519740656293386	45.317598431060034159	0
25.604676703972973684	62.285356620780426340	0
14.529045366039714082	60.598143601893227128	0
65.075447600121549385	70.432515502292176279	0
57.984504107694519348	12.801082089592330959	0
61.178300551570281129	23.311753660007269673	0
59.254228097620774918	36.886350630400073669	0
48.491528282162988717	18.156876351443017370	0
59.819874534917602205	13.463323205147478490	0
12.253070707130511607	53.040590119229065635	0
59.345066747956366271	8.814593540610129452	0
31.240144490595266547	56.526465351932927206	0
19.918200889589925850	21.184951630355055130	0
4.595822102123467090	67.528575911572275459	0
16.334719224334392607	59.831361589039545379	0
32.493698818169498566	26.976089421016336445	0
36.503703164990696450	0.029765227904866316	0
33.233124094207425969	69.737052314658001251	0
16.395352783736594660	61.770480987289268171	0
6.296183910943610407	10.548032116528156976	0
14.182497615084701081	2.567652387751652387	0
39.441692328852056448	28.546253060053235373	0
41.436730017353376354	12.057780522870238826	0
62.861730148532060980	63.577887395042374408	0
15.496103839309311567	22.025796012111907629	0
29.890068827900400095	43.757804271294403975	0
62.940280743403313579	17.010911718816640104	0
64.721046544938189982	62.284788293202538512	0
66.341455882636836350	34.366082406299824470	0
41.844681009049175202	40.161488213753948173	0
29.733384278268676582	37.604063832842058446	0
39.890774581072101057	16.361522266096372391	0
24.585860820365248003	40.646456723482280893	0
41.135671247255395144	59.912573999233003974	0
12.650384670572272228	33.087537721839240135	0
58.491609712976803337	57.914263690043611632	0
32.617893232299159934	35.409959271780692802	0
68.637567024578927999	52.237400722729375957	0
0.593700350274299904	45.070912847763459297	0
7.536965562964270227	69.410165981019261494	0
50.173805344246886762	7.867753146038974243	0
39.685599269934371591	65.285499792928732177	0
16.778345447525715883	51.213355023610084515	0
55.918320342154885338	26.277734448798941713	0
8.547499001532806062	21.464928191584377259	0
23.401921357057325679	11.309010977336253490	0
38.714731536716897153	14.807311145713168088	0
47.148387724944136323	5.477907169613289717	0
24.355723349779072606	46.140490145401955147	0
66.373373035855749436	61.284837898841402648	0
53.780985860333245796	6.049695963354048800	0
59.175165722654668343	18.836733626597276015	0
67.091783450225193519	51.094294725928570244	0
40.227186794720019236	20.685169085018991098	0
41.624316748119831288	17.250938909419588185	0
4.209046700374306837	61.177909467055897608	0
61.186477513017401009	45.150629629255476516	0
2.516922764939217849	38.909946156263217176	0
47.627694712274717403	55.958129871911580722	0
49.370984618939729671	14.449537624870526287	0
35.131538288711908535	61.747007788460209099	0
24.860900125224421942	4.565479559479751259	0
14.981288145432440473	50.538169900211435959	0
69.424366090799281892	65.363714916738402394	0
8.125976728793926185	45.200814771776137491	0
43.022992064901707465	13.325163973484349000	0
14.437562681386161501	0.585615178378015133	0
22.865111567792702374	39.647311387784903047	0
20.306571789622367419	28.441270742934491977	0
52.348795274654811749	47.270534423567312388	0
57.105018335424162501	59.262341156035319045	0
26.827151895316522001	47.555351709092832380	0
70.292147111880964871	14.751286559078510052	0
56.956306068699390721	15.645584906569796502	0
11.484872528216044429	71.554630625076597994	0
64.180606063616636447	53.044002598429578654	0
38.284992257444066865	23.033007022986570433	0
23.310705701671658119	33.643310571994334168	0
64.876522780422405390	41.561189354338075930	0
16.649234657488779732	41.519078527844030191	0
21.661200822901722773	2.289112656821387315	0
33.541029535198347844	37.163618248965121893	0
70.836694921184516716	63.974031883696518719	0
46.376659364151656462	70.127576955052518315	0
65.001376260315069544	57.644769646853575296	0
30.485075422527490474	18.314613302631222780	0
18.764135779586748498	11.264365210691316577	0
26.262266175637588361	1.513860624083184225	0
50.294690841622944788	61.086692728026967814	0
16.567512413492668344	63.716925857526625521	0
16.554753388160644789	5.650828382421645202	0
20.901878407764147738	26.607374642591501868	0
34.795060061522235628	18.147728322518464239	0
66.940389929967707872	71.006315343645994176	0
45.974475703311590280	24.044978826687884776	0
26.735224534367770133	19.603908581068626660	0
38.499504855523944968	7.969334446019601614	0
20.980333468121397544	38.991962255483635147	0
65.633551181356565962	45.178389125353199063	0
31.985403546520277729	71.220325434410327148	0
54.150016161669626058	30.408625793592580777	0
61.799373571301408958	10.195024980201932152	0
4.501743681264966490	45.600608541187440892	0
12.639095077419645108	1.354898697701322430	0
24.992319508043681964	48.004614244570596782	0
22.373693702007862782	25.308105037588443764	0
34.739800913495294310	10.355005528024035399	0
25.058965107461776967	64.177989012347737230	0
3.269672305553568137	47.130937747095551060	0
68.488467588210454551	13.958450444159970161	0
13.836215808070022604	11.426876986670611913	0
4.827777970305066724	7.290751325641131153	0
30.732437521896788013	26.160885188198239604	0
27.878743062644623762	32.671562244685915744	0
69.747995271648321136	56.568763420014292365	0
15.274896580123066059	4.215112478225221615	0
2.471747065125789344	52.220755055857310367	0
71.080476136220383410	46.540070106303069508	0
23.885190678532946862	17.126480585623880870	0
63.076190539618359310	38.106846460764408846	0
64.722249586145792932	43.489835270448985227	0
20.378882220823733462	69.993640441716934220	0
13.573971826053588430	65.564048590877021638	0
57.413356101308387736	37.647660202959549736	0
51.095323847663479455	51.216860583672755070	0
52.172407323284907932	69.497508156269759638	0
63.542359402569424276	28.868710987916838207	0
8.940806680498454284	55.027481635997666842	0
10.211350422467763366	48.486479490970062045	0
13.296195211639780354	51.414478639317657382	0
6.068755808877163815	61.580263228976669154	0
40.823269173952915878	1.322466800636690643	0
29.169015403114268992	62.577626635670675626	0
42.124310848353403003	21.117454204305449394	0
70.424479631062666840	7.950212789178206840	0
68.080921522473516916	35.221125459561946514	0
63.973639874932928251	26.938713658456990174	0
0.787219172754840990	32.044362490190820836	0
17.131131916339718657	18.222275048651489726	0
10.255215451624625445	38.544398313202663076	0
45.892652762939306399	11.373323735537596235	0
2.063037324960120600	54.176837490668233954	0
26.793550958805596451	15.067702846171631137	0
20.485905415304976884	40.841599516117504720	0
68.013158080506158853	66.756709537861596004	0
35.682473073571657096	52.722682892184316472	0
40.217408850101286077	71.270507046850582356	0
47.986336374043276010	71.291451998083019248	0
48.299170256877161478	37.575116644607042815	0
10.190371611998360279	12.626804991730086414	0
30.772004668362512803	7.865753601743012524	0
41.956251096567825698	35.287995683589350904	0
44.807203306555599909	58.497703325782815398	0
60.133573349506484362	20.550376000885602679	0
23.106844449616239956	47.696555790112569184	0
17.425749512653126772	37.300784923590825315	0
6.708762776970789155	40.772697579910925469	0
48.674621177495019708	26.857342441828002677	0
56.983001576703280477	0.595077393554669265	0
14.024992528745993781	48.864192367490190350	0
35.624139524444551341	46.109795474903116030	0
3.629953800198475022	55.394225413289277071	0
30.328155540872643314	35.710688332918699928	0
29.064696142893900799	25.175094223346768274	0
36.445552659579973920	55.610647854862413908	0
32.126021348373399178	68.105685979684452036	0
8.490929645801877257	9.977983455119892042	0
17.524951149308975573	3.927124050105423425	0
22.344441648697376479	12.936492279202028044	0
4.013532742689221777	25.213946655741022340	0
42.685159975920235809	47.170220296158383633	0
55.173881392739723140	41.065791601089095764	0
41.593425262706574586	19.242182599561008516	0
12.112274418345437610	25.208745709491093834	0
4.646291501284030012	34.586688144475694173	0
15.039459878173785157	47.205647901321277971	0
11.812943519594906405	13.675560516765473906	0
61.794539303040686207	12.194540979054266927	0
51.781621653341822764	57.684552769576285414	0
56.220352972261125046	54.798104468867386174	0
27.028304013175926457	29.183910624260498423	0
37.729709696563269006	39.235594089033973830	0
55.752951749089071143	21.903439229094090024	0
60.422796294961450769	57.855588426179473061	0
2.457961714668506215	10.633363173521038547	0
16.161426258926120170	2.476050546977580868	0
64.832568577431658241	30.347563252805255019	0
44.939754546946858227	13.048425375975654106	0
26.705007054282919654	31.085768944231212174	0
52.062056822955227631	18.194598763234971273	0
71.269962227588251835	24.135485152561187761	0
36.957502619747693018	13.907024691419991314	0
59.246370999321733564	64.686966068589555334	0
21.291451662455614269	47.103258272708792731	0
25.344662269012360412	11.155962913195496711	0
39.151863721894976322	59.975613117951908748	0
61.536886328254958300	47.104429732329990088	0
31.782807994214170577	66.194106203235463681	0
52.520271772952277445	16.292600709214109855	0
58.666377769288217792	71.351336093615515210	0
57.207229920762699749	18.668940006821394206	0
21.914048569058120819	58.243366529116741503	0
37.221083524998782366	34.727896628171940563	0
68.632412164839607271	69.981488518417904743	0
63.286967452921189192	2.042382934253935467	0
62.082827556575495009	6.537812796213185784	0
38.492319697013613222	63.715591636523924990	0
27.072748858444924736	34.726013534476052769	0
70.107395982833821790	27.984446827844944750	0
43.576068199391535529	26.992147370683778007	0
71.286053043868605528	51.119083291446976602	0
13.254168545389843459	70.744047546093128176	0
43.605475666315513195	39.442778951800946174	0
25.666494573563031878	24.069018209290000243	0
57.615361838055378030	53.379524638843072637	0
65.939861916376443673	19.517976407930945015	0
1.427488568836445371	50.553476445557130603	0
45.597592251574766919	14.860403272811046449	0
7.542139459971940241	14.447432887783302036	0
17.962739062503857213	35.397586724598305352	0
16.383206661589142072	0.528543616429662966	0
49.250376791009344402	45.193070162698994352	0
23.809232329091024383	49.560153754018728023	0
3.927519759468599769	53.465637595779575975	0
5.504972438720062478	42.313758054641844808	0
9.074260431581654629	66.570484946512934243	0
33.222807538755475321	16.955412325839120058	0
30.564418390856385344	5.898241130954898992	0
43.810238377314234981	51.509492767201464858	0
55.873231445970361619	17.309678595106944954	0
44.981007868125757909	71.505658427793520104	0
28.984861874794528802	69.766555744692169583	0
48.825805904673259761	67.611602679211543432	0
35.930547471670685411	33.251241084012150395	0
23.184535777599460715	67.828797576651297163	0
47.007592922843969063	39.028045441246035807	0
41.499738527566243818	9.971229660098977376	0
3.060242642474926722	64.063814056161291433	0
52.052242098015383931	42.721161407592546766	0
56.025721773105445322	30.899784444849121456	0
28.882783241011011910	12.630124368691326708	0
28.760039215863290707	5.130132665121639235	0
31.634897746921314621	37.134957647022069693	0
64.213382787033467025	18.549392476554604769	0
44.404422681266659367	1.663866427296493589	0
7.271205833833922938	63.138053655345096615	0
4.066577733916784787	43.673397321073515798	0
51.054248780252400763	1.117907962438833946	0
31.085368634172269253	62.700483003114982239	0
20.183710784944061345	0.219169771363723148	0
53.083331134387506722	4.206435016155640305	0
21.102295206593048249	22.828304125289442084	0
66.723461645421352273	38.483454214247522884	0
59.580830995624182833	24.404072044264751185	0
66.789559703399106638	14.969257101811399124	0
68.249329243463265016	60.795369969950627365	0
35.053803872184381873	57.016606715554381424	0
4.368421089755615050	11.009759788979447848	0
69.158119553734309193	4.339346038406511674	0
35.699871446629366289	28.783814211239263869	0
40.757510365880058600	57.978733805996967021	0
1.077716776121672604	63.994217357056726314	0
70.152975763304439738	61.089342567491698333	0
27.487085808853297664	61.625604963380787638	0
42.318458979168283918	52.771615349991272126	0
58.504632703253747650	62.895976437314743634	0
34.052525389647897214	67.944293850355350628	0
56.246456240532978654	11.890466529610858260	0
43.982658743154253500	20.599590983449328263	0
37.736975018624917766	41.921722555324407722	0
26.067550691444733246	65.868860182171758311	0
33.169185660087023848	11.501178934472807924	0
0.991706550500946138	11.946249562835308922	0
9.774004314236796276	64.804181868664869626	0
55.300892478338383285	71.405601969835558407	0
7.218388248471677926	23.078668276378316193	0
10.410284930059116704	42.229573335906991360	0
33.137258162200282641	14.977653551559425793	0
50.218650698133309618	43.469980472287929274	0
34.687604293959012125	23.327543105149583624	0
11.937457125921184797	11.733177774892162404	0
5.658291796190010992	12.437002810361432736	0
51.588182094609472017	26.555009957404344334	0
20.562273526876197138	24.686191160815692314	0
27.111145224897175154	25.420815244900229146	0
8.515116398778795670	34.379178176011258472	0
56.301394573631718288	13.816415889166286490	0
29.553345073254625675	9.410853207829489975	0
40.474449686413159100	8.255665194674890017	0
33.586155114389733001	2.457169239246208559	0
56.080963604456556482	39.332363519288669806	0
2.773501832596561911	35.141356045586057633	0
54.103484484148893330	39.393526499805709307	0
30.469604980070364775	13.759882314858373320	0
33.887084111445815893	63.286453604388562155	0
29.809924956236983462	3.482255842128143097	0
29.559653667247754782	55.599406177006649443	0
31.255934290320386282	33.974003948090107485	0
53.246159254445991849	41.194552306528031238	0
54.174442375857800869	64.497734909434001338	0
37.786388573212875031	65.527637494365976067	0
0.545880488515894435	7.271672339528612028	0
59.511666759135572136	22.399254814466100783	0
66.429919925390649382	63.254379384959470656	0
12.141429550377004887	48.428084120975249505	0
28.083596682876226680	20.984716676632380938	0
42.384628281690638119	54.742737429504515489	0
51.999809042384647739	52.977126932114977365	0
54.491454296059153251	55.787499077520749324	0
58.611104677069967295	48.709519337173276199	0
63.549503785341293849	13.108191886712024399	0
19.827259774813018822	61.485854997144109291	0
50.178520866779720677	9.815942838114317226	0
65.283817885969952499	47.085647349564638375	0
37.657526593639204293	49.955497421489219789	0
52.289813445798174030	49.190963431487922719	0
57.780356159704652441	7.659018668671694563	0
18.048235538288391666	60.683101829514342285	0
60.594920737558076951	71.187756248473107235	0
50.395494898198649025	66.430690174721917174	0
43.876037091744777285	35.712561534874495806	0
46.002186219988217886	48.772541798302079030	0
52.929692026293423623	2.242286328934535167	0
58.684352000568779317	1.569846893471203320	0
68.188084418136995168	37.177812462773978552	0
12.444228467365178403	7.827880021892974938	0
28.004671828108840259	66.142312770315086823	0
9.718732837708788708	44.033095286850326033	0
47.753433920945425939	49.518746066249995863	0
53.928128372019649817	26.218789642329380030	0
14.651798280412627662	37.301715335051312650	0
45.184471708303632909	34.268322325048316657	0
66.723348798926167547	30.008033840689542160	0
5.620449172006626526	69.199340527132321199	0
32.209938725142357896	54.836285151406258365	0
0.645696941440915717	52.784549851958196598	0
36.985530437092350553	9.206285505054866647	0
17.995044854365470854	55.541185138388456721	0
45.988748876367488094	41.944108117492859833	0
4.738358442615068888	63.020601132903429686	0
36.398748811775803347	22.431766207603882179	0
36.650073921781846309	18.792601540937280191	0
50.407048416018511716	46.802579232260853814	0
49.078532094340829417	1.206299570979965541	0
5.904196927514075988	18.731339947018234682	0
1.907660707267924582	16.882663587783312664	0
0.476187034017394262	0.798288480259662148	0
58.269792822256491149	17.068231512441379039	0
23.671641326337120148	61.832897386763029601	0
69.181802884047428392	23.111931303692603734	1
6.898285041000116635	67.216545207100594439	1
20.142637799750662708	63.853337161794875954	1
30.396979801556270218	20.681175248335666339	1
6.519933528896833863	33.152612670293756025	1
71.571332609549301651	29.849657875304707488	1
24.629396897002443723	13.307487694270454526	1
21.049292471029811935	11.017444943108833044	1
18.626330026896145142	25.951643177501960480	1
66.877138616760035461	59.002044973883961632	1
38.959559264802713585	67.572572490164773740	1
1.125165143998405393	19.093588055384639546	1
60.460482409411490323	66.743167355096815641	1
56.500504609530104005	64.174884527104453014	1
11.177415140086113254	50.572938302468791960	1
64.125895624462287969	20.935831838037021413	1
47.154598087831878672	53.690788950930063095	1
44.981513209325967750	46.706975998373572168	1
8.294860392787629877	1.490663345052450017	1
61.992878586969538901	19.175097910580394256	1
41.008548351126229647	48.746252260626995678	1
33.556618101252610131	47.267045468632801430	1
13.262264110852575172	21.189116659605925719	1
43.152981178686637520	4.388569540978105366	1
48.780377469813259950	51.525717102607352160	1
6.213328018957439802	21.027880169524522103	1
7.121051218139284877	38.455209191285611325	1
38.000428792638196285	3.859538234823346681	1
69.910494487190860013	68.053253291231968092	1
54.371568156417382056	46.035866793321659429	1
65.710144947557452610	66.277656232988363172	1
69.185367635094962679	50.000115608988586757	1
25.373217841154769303	54.651895992354802445	1
37.892123817539676622	20.737167234194458842	1
38.965218339822463633	43.911424831293146553	1
31.328996098466653564	1.649449232864765635	1
32.585383587290372986	9.310077843936145570	1
53.430763113704308864	21.851561296532636902	1
4.694830334244604941	39.666698911126694327	1
4.233296998765148977	17.162002614996474392	1
69.006066819092723108	30.095245327036426630	1
28.636089121169153060	48.928214460573919098	1
61.015846012430600354	1.713983294319125106	1
9.937598577147785051	52.907473725613456850	1
9.647787513299856954	3.714852562634300082	1
12.766804306653279255	18.558152674491942946	1
26.113432075324109150	50.065230320014791232	1
69.399253526868662334	10.080750505628852665	1
44.979790401355678853	44.009528040601352927	1
71.326880964735082102	16.840759554681817178	1
19.353949663878392329	18.898957844376454318	1
33.373172053188277175	39.484717472894089951	1
62.296795379907166534	25.277331233186281167	1
70.537090195170819129	2.475426082114389637	1
59.671412523938606398	11.142641776447792523	1
4.949779115126354156	30.990578159957589577	1
10.167851049908517069	29.766445151825660531	1
52.155890932270104088	11.014670788412134428	1
8.215554745411576931	27.989679060787597820	1
47.861958356473486731	33.383431733154424137	1
27.874723368432078985	54.059942736679609254	1
24.000524797027367185	51.893308863595279945	1
48.278522483968401957	65.452137559644867792	1
23.798499815327605944	56.832942409118700766	1
64.386622794462553543	6.083308185669171309	1
23.076905338520301569	27.527856522371461523	1
60.052623357561820683	31.896564316001164485	1
46.805345853483430574	35.832053446834933652	1
33.421254070607766096	29.082950948216673481	1
9.576210887974484720	62.534757458627758808	1
64.753324077106782397	32.682795388303134132	1
36.932122272457583279	6.271452195807508012	1
10.645091083409914390	20.318265182023157678	1
48.535078634196835878	20.496465844453624072	1
57.458315725991909062	32.728229288729004054	1
17.390619310016013799	57.758425778754606483	1
60.794223386062597569	38.710023039110751597	1
20.355301500072137344	43.104031185875371079	1
22.741043031949207176	42.018302692620203231	1
40.648726912134762301	46.025308453188458202	1
57.155206864877534656	5.478292391541127238	1
26.848205595868044782	41.136343879469905005	1
11.455461832494099994	69.231229356235402861	1
3.800889237612534721	19.796301795681319646	1
54.250979291824272366	53.575509986397285900	1
12.257489900549090933	61.190985886459671406	1
56.714472579149024511	44.637899392299303258	1
2.594867428508283336	66.373662157643309456	1
38.535105449251162213	47.772291596568479122	1
56.714009913821627151	2.873788527578366114	1
47.909814073776146870	10.326549070732793822	1
32.785611134637335340	6.645157381356345816	1
14.952909927021792669	16.896306712261793592	1
41.043451209219064424	14.417137492701595392	1
19.658246037554249597	45.529236715383532896	1
33.808142734671079666	42.156963405001931733	1
9.812607173769363200	32.430893522711286892	1
46.809217239764663532	63.187157195758501871	1
26.995388006663254998	3.674397320387411181	1
14.312583986164659322	9.174955019846548154	1
3.137240359136630019	12.921205371428539976	1
71.571481661779145611	55.017830867221256597	1
50.312521492168627901	28.537479834088774311	1
58.090702299035910983	30.014460369213225022	1
57.481671465205018023	23.467196406993057423	1
22.481295717002591772	4.518025487229849979	1
14.222633299936669360	31.358480192314019064	1
22.058224198691409157	29.996459126695341979	1
54.455845921423296829	69.247730451504239113	1
55.182037676891589228	66.595013290891046154	1
20.137366417278233399	13.598084489447018086	1
22.340661721905224368	44.962951648069555688	1
62.235518755674256397	4.185599812155837540	1
54.861277670974388343	59.548476860940397160	1
22.473209878118094451	37.311355982556513311	1
6.605098020520572710	35.822864621301256705	1
18.752484866747387571	6.248216340408658809	1
27.855355546542376999	23.230359875276359816	1
61.809472857574377258	14.599489549712902914	1
54.342684241113872190	43.289537397171081068	1
49.810610704268633242	56.424840914785434620	1
38.505099912982558408	1.186971781700032480	1
63.428901958266322936	48.487951974317446968	1
69.337170995349993063	25.740816696247229345	1
3.788452458451300409	50.330916960372618973	1
11.425182581167241835	5.748668977957912318	1
38.214214976216815955	70.157167796365584422	1
59.333037333589963680	3.818229842001029439	1
47.313691221626626771	13.248192743995570453	1
7.681804630268890932	30.726980074438227319	1
24.398832804248851147	19.376704068235888201	1
52.605307883834875327	67.208508737664104160	1
45.989610630409295311	21.661765894033667479	1
11.747257494998445182	40.271260226062302934	1
32.050079528271375295	4.154258668249919850	1
62.190186144276154323	51.710543545381376873	1
18.909467456398441954	68.142689157457766669	1
67.040949976629306661	5.413105137700516600	1
17.488542589072416433	15.936719677724422439	1
50.894969857405740754	3.385062696957301664	1
53.021785268610315711	28.371527743097225027	1
22.517380017837538730	0.107127036555588723	1
41.343999849417265580	69.283360269741336879	1
2.131957773616633744	61.890101955747248041	1
64.031944279700468314	10.932708810039452274	1
8.178958805606384885	19.181625752396879392	1
19.037379868675728289	50.776390413210783947	1
17.682289648345594912	43.668205552550936943	1
0.364695677295888976	59.792826592696187049	1
50.263305952622843620	16.619571995714743196	1
45.905392977312843072	26.809493113543108933	1
17.960611858045485434	28.492086001763119896	1
7.956562234341695294	12.202838145307072892	1
35.160395950965209977	31.083924980810767380	1
8.990292813553397266	40.422433998398709321	1
12.181886699892432446	37.288827397196534719	1
47.994909212821085021	60.865162691491121905	1
12.422595069671965362	15.890414978518323963	1
27.605410010568448342	10.769322177383541472	1
16.419138976585834655	24.382078525120025603	1
16.709819628629482224	7.991466230236632384	1
3.930217389016533946	3.309855692292404505	1
60.560698670892932682	16.916952538169322651	1
66.905401994404201105	24.476310527149912843	1
12.957587410413909268	46.249460278130783308	1
41.483203690779149042	66.730913567608951098	1
2.360805322913606119	30.410628549307521240	1
28.657616733872874448	16.818957312709898133	1
46.455069477882908302	31.160687194827861646	1
70.468209505222390021	12.482762933636566416	1
44.049411043834801660	66.580862663864508022	1
31.674171779488681011	31.151008624088674992	1
5.233798500000261811	14.696669073248360249	1
46.483936904288817971	67.762967445185836368	1
55.113015758691560109	37.221710360748872404	1
70.494326020144370659	36.877819514140796286	1
14.740749919703521442	58.225754522333922125	1
49.791163999787507066	58.918573761242036824	1
54.121858884627286557	12.828851528891478395	1
1.861900798719825501	24.290791874425806895	1
42.377970101690635829	37.539756276618341246	1
28.414567727796551821	51.527873663708732010	1
8.003302664612103712	47.757205132415052162	1
42.783456955493960550	31.245731557925129351	1
28.602985012417043720	1.487386555088990425	1
28.453313148240976460	27.378433143496540225	1
29.844036485126775204	67.550320432997125408	1
35.095526928234100694	20.508712984848461502	1
13.915176011759628594	23.786771741724301421	1
43.699268221322988381	18.322599390537313013	1
54.076817440773631063	62.162968689777294173	1
22.546752814015246003	15.226666690060511655	1
54.607593572093691137	15.397641615081644417	1
34.890461196716245240	59.371997951162093443	1
17.504749809172729158	13.251706886371424687	1
31.103414655060301897	16.017622008077335494	1
60.353613824182517078	41.404031114098216904	1
64.242083377949143141	35.398372118182003021	1
18.668975578982717423	39.313042311811038587	1
9.814979346577413111	14.934073935942782541	1
1.944039736293237342	21.655831275639105371	1
47.927144631866390512	43.221764912732155040	1
25.744566854916470788	27.260530639782711404	1
64.792282651853369657	55.346154406822634542	1
34.722854644959603831	4.699296589876587049	1
25.523544866383272023	33.030581609222956274	1
17.997813459448412488	65.514690225053996642	1
34.993779873694599303	8.049506358535660766	1
59.955239030451338067	26.678269664106856851	1
45.623152835550726536	3.726909064093657520	1
16.875679219539573950	31.010942343563439039	1
11.406341228162416357	66.535298847346680873	1
70.879495661310983223	70.608314842488766772	1
39.399938676747076727	18.569680777460469301	1
55.083506956156739420	19.664949092507626460	1
35.923039134500101000	48.429698217247839409	1
70.258743990696075343	32.405601068874538839	1
19.505654891545955110	30.636854718856405100	1
62.355943446903253857	54.428480618369157185	1
51.714522635199600131	14.104108350257444471	1
21.492552494079589565	49.447642414629349616	1
45.381498070430168923	56.197408679010720789	1
0.155172274532237225	39.228570912013374539	1
24.056925513738455891	2.373729266282025296	1
64.422917409915868348	59.918865983214061544	1
61.659836638911087903	36.239030036601732832	1
40.929934303188460376	33.253159590777890742	1
26.730696765155041561	6.382316464911890641	1
20.078114215902548523	16.281671700114543455	1
69.565528333869139033	44.761970947093494999	1
27.328831032847269000	63.925774459259578464	1
65.911881722231115077	12.854346787492060500	1
14.008850122453310405	26.536594374007936636	1
21.276830949445159291	6.958533780289919868	1
28.966968209989889971	30.481001640988893087	1
15.474953349299925165	70.120790785134460066	1
8.685828054398482934	6.143404327274284427	1
39.671407524418448531	6.020485881567184450	1
35.919896684938244391	2.261160663552300942	1
56.242793898019669996	57.174466025147587800	1
35.006517569316685012	35.397979383617538929	1
5.340868112614178820	48.184758555093118559	1
35.571700850079238876	69.688032021903453028	1
18.790027093455911711	23.227959532858424296	1
59.136177183558856996	60.211543803729320246	1
0.158067879353539387	26.419720600455029569	1
71.683674162425816689	66.053921470340910105	1
68.665483631282256738	16.314753643833835639	1
30.526450355162882744	23.382610866143686223	1
0.322584445690008215	9.658313744451010763	1
7.414329125343603444	58.694844626425407341	1
5.803778830221963503	26.721453811792738264	1
37.454631786339312782	61.616813616569423573	1
45.473526565694967871	9.073006995820920295	1
27.539368348517918150	43.731904483656741434	1
55.454551914944730129	7.636104134015331724	1
19.779022100258778494	36.936252437026851680	1
30.808509473914448051	28.549552954377755754	1
36.228090862075099210	43.685550258796517653	1
71.422422449262043642	5.062398528259049790	1
46.301567624697483438	18.973492085452296152	1
62.700432590845487368	57.158045011384253087	1
33.472491365181227252	33.189716001104301313	1
36.585946776591256935	24.708645657227524595	1
66.633574236575753957	10.224063599749111830	1
39.676316648535880915	51.099546362662174204	1
16.033580458376352595	39.211327119388059259	1
0.853124830974523962	68.525619104992898656	1
29.918523783118192938	64.788610603923132203	1
37.624470669880118123	30.012753244439817735	1
5.840734880655888084	54.785687531355797830	1
59.297200148932347474	46.496699947234638728	1
18.386515585311336451	1.707693378108878113	1
50.205098136851468382	70.712411166502391779	1
57.812796926426536004	20.812031411495862443	1
31.289361483639474670	41.272362237169289756	1
0.523004361314124755	34.351982820436269606	1
12.107232633733580940	58.430767891117078250	1
24.926251796343663614	38.343178076483560801	1
14.297222416517795907	41.284391691907302402	1
57.125359890527214191	35.391108253604059541	1
63.409759486940075135	45.703620628085950273	1
32.677155774070847372	19.213027483808701845	1
44.139596848796834649	69.293058646857119243	1
52.216108506292954416	55.345570973602988829	1
48.306381875991263541	3.459220099573277807	1
24.824018952927520587	43.788557211180958006	1
43.564515350270426097	22.945589477468349315	1
43.397674063268766531	15.651567962942577239	1
58.686612587898522975	51.037152770544949476	1
16.512964525630909662	10.704533126008257682	1
52.427570933459087144	24.368671433985561237	1
15.631911250750651021	55.610325507394193778	1
36.755780058482436345	11.522493327542999708	1
71.191778607690338276	21.311937685543497878	1
67.226298319368794409	56.451989937759599059	1
6.905109089191499017	3.861657049945693032	1
63.421910704680534820	8.475125982585652196	1
59.598119561720984905	34.525772521024521211	1
1.406105050696698999	36.906059552112978395	1
49.800392094705955515	12.172849266932258772	1
60.849986183269457740	49.354204801912551659	1
17.798587858185850763	53.240138022621152913	1
17.563852777566541619	20.890602564392779072	1
54.607919445636994737	34.578622646328113888	1
19.718235196157397837	59.094058036767521003	1
64.061642941322162415	68.388005555633483823	1
52.687106139577920771	8.314457365469896999	1
62.866117540513407391	40.442934329330014975	1
6.995012013275036189	8.288266333933245633	1
42.251868202812950415	6.783803130049713026	1
38.227882486137090723	32.637937262797144911	1
45.081258394178924220	37.738885727710687945	1
67.550111907138628453	46.391980599199349911	1
31.288485340869023332	45.663348398603083922	1
39.935531315692216481	41.392724700957543860	1
69.540218785057234641	58.849202638300425861	1
15.281189226378554480	19.576673515261791891	1
62.177877221528909502	33.622127223101053062	1
22.857034086998623934	9.086625715762668420	1
33.618880385815117506	49.944942127667410148	1
13.780292075635905746	35.132598083593002514	1
32.808487529648012071	21.947855577591933951	1
53.426885770880275572	51.133181787274409658	1
4.233534465470214947	22.846521281682598215	1
50.623169257947850497	37.894968548371167572	1
67.167424000094456460	43.475174856874055251	1
1.387659506868206494	2.951228428293096950	1
2.686179023307823766	8.280949038076132140	1
35.687127687219607708	38.014377807586583913	1
62.411284800246988880	43.146900856187357931	1
11.323793298894740289	55.209053560112700154	1
16.336227403691690796	67.585350257477955438	1
59.296234489716567850	43.817659100535948369	1
54.652628329348964087	10.178035791536679255	1
60.747131521262986098	62.314337489353391675	1
61.584926212354879738	69.124747378519899144	1
22.801556194425344870	64.004191137801626610	1
47.148780973463189525	58.276461949840403065	1
62.614327409913251188	31.002639217208564304	1
66.502972495426817545	53.305823207236343819	1
3.893806928394839773	28.405463474036643845	1
67.488655572061773569	32.330517070793447942	1
19.300175817954130508	8.935107009303004943	1
35.877025814533922699	40.639540650496975616	1
65.395851781922075929	0.987868523596650117	1
15.886700118673166671	33.537119988831427975	1
24.753313126688571089	29.757265624880609778	1
49.549182876060818614	63.190403729506797958	1
44.988425931614109743	6.418324983681634954	1
52.307300840513654805	59.995887580018035123	1
41.971823694194483778	28.702640823657176838	1
64.777012395892839436	50.813775643374647473	1
0.803914101375222456	14.326685986640526949	1
63.046034909661287315	65.921625571349011352	1
67.725926419418513547	27.843094121772580252	1
28.681970008159638041	46.176365912906220501	1
47.575395372891193801	28.839064020896220342	1
9.307783587848053486	70.842178719541024634	1
5.125760492424661585	65.247258321550077653	1
61.748682095747476239	59.712754386563105413	1
42.659919642068118151	71.615595356741081901	1
36.263230973542896152	67.173288951544279257	1
31.154915395608501427	48.251992003505009166	1
2.308604306664445271	5.572551764973458610	1
47.829539409716453235	7.667912350242206188	1
13.752887887939605704	67.933967516661311947	1
7.791262283099372077	42.840959994827272794	1
37.583868371173977607	16.729781228064528165	1
50.344969159160257277	41.155598532218469643	1
68.893411171236294877	54.489931519444205321	1
68.161534615625853917	18.846542603259340609	1
69.490812269689783420	41.987507329373428888	1
41.639710573538636140	43.473075428902625106	1
11.910557622890589613	63.890555319641919141	1
32.840034020429108352	24.709219526922097998	1
18.525741121493606300	33.115983247873572282	1
59.754189040409620759	6.454293211065197156	1
15.343634294079327773	28.849559561296466370	1
51.857985963100716731	64.619696715838117029	1
33.783764214680076066	44.715770734691275834	1
43.731656762445567210	49.212512887800890837	1
21.911710424708648048	18.202526766495950028	1
3.008388490950009597	59.234491406516376344	1
7.107576752754940053	16.713193182809611415	1
43.588642368585823306	11.096184141930860889	1
25.554998864879692633	8.879920392786001315	1
44.290749528035142646	63.851791939652969177	1
21.317490663053021649	52.108850197628513001	1
32.172564172880505851	58.658937788824765391	1
23.443412424305282826	23.250055404184870156	1
9.135792445345821022	36.615611317515337930	1
60.608977706865715618	29.264547165029227926	1
3.005436116985363615	32.911198790650296075	1
9.884695608726353555	59.890055375139958471	1
51.454725103390480001	5.939103200667497973	1
22.221754576417371396	20.840049920083306034	1
57.252079837164266962	42.054751916603407835	1
40.108608800590602073	62.048117638744813007	1
35.253332914005852672	15.819644061268265389	1
40.172719101284862120	30.728480360103095137	1
17.149045034800519005	46.291546892385873946	1
50.712020721442300442	22.214450902677953081	1
59.965334900311518140	53.360773137940689992	1
27.015153378222361624	71.032001758385661105	1
18.145649119153315354	70.730062748540277084	1
27.200855880804859055	68.325150855741128453	1
34.059284293426465240	65.636624889567357855	1
1.878518429738560647	56.818065766554703089	1
58.903542010654625471	69.022557442572136210	1
64.442878289735176622	15.201684589850129825	1
5.682488919683737372	1.459192214617832439	1
44.480631521607229217	53.698227500323852723	1
56.693914025503644893	61.510794290430133913	1
29.408317751943659601	57.944390914337560616	1
39.220306747035913020	25.160136871797366354	1
34.695021235352776046	13.213679487140778335	1
31.000394408931121859	50.811573087074670241	1
53.020908366759606167	71.643732680781710087	1
56.056492514551067075	51.671630526096727465	1
40.635547272282252607	3.575940236239941061	1
57.287622300746029680	9.876069325347334171	1
66.815955781398528757	21.690109230555055575	1
26.228851289771444755	58.051320032884248690	1
57.837074796304257518	66.507583666114101106	1
5.800346400840745709	52.060672049007315820	1
49.436729443307882548	35.555967311630951144	1
64.959145728356176619	3.608322516042683503	1
66.693800915786056294	48.880472899996192382	1
38.644998904844364063	55.819489638919748131	1
16.619078271776867695	48.918283593062952264	1
7.992214055428175534	25.313564502770997677	1
39.995580868246307205	38.722765893731875053	1
39.147531011231407660	12.635092788814489495	1
21.258057348432529921	32.641466123932396215	1
26.182060082319505767	17.374616825079282734	1
42.753063125801276101	61.647447939304626630	1
10.261512086809942090	17.569021565077633795	1
67.483941005710065042	2.746197830105334692	1
15.136241022898069275	52.882491999882191180	1
9.668417377542287028	57.245773193180646388	1
40.217638974640735228	53.720686555154898656	1
52.131267364182512836	35.574736129772738025	1
30.429516702013543750	53.405732827667549145	1
55.700447835496852633	28.600667267568976371	1
49.883970522639373257	53.862092659979069253	1
30.174548238318788407	60.511373804822781608	1
34.486945606699514144	54.698699992587457075	1
25.673855306458001735	21.706596043062909018	1
47.625690522052217091	15.995192660011024799	1
44.627667646584406214	29.186539203742434267	1
33.035178014886014353	52.558763357586101961	1
24.488288392595634946	35.583722220228203525	1
4.162121369738131627	37.024196865763350672	1
38.057972093521215129	36.876757920000279967	1
46.697028179339682197	1.334119070895980030	1
37.483909960950761331	27.265823166172278746	1
41.694169808427048451	64.134693760319819944	1
34.779729676559163920	26.656121197836050385	1
48.140584175458208449	23.065256424440054417	1
24.014038658969347750	6.701131223546228810	1
50.027109121486766696	49.109050161796211853	1
46.076751731103833265	51.156298231980706248	1
58.410976687037745592	55.582374488903546705	1
45.309601168437538377	60.816362602969981310	1
36.125120758811469557	63.923006145736266603	1
34.149638669950846293	0.205482008336213384	1
14.368932128266383330	6.462917034876861422	1
20.092083015535326496	54.493970421739760468	1
19.906803331179951044	3.863368723923886972	1
42.013858618239972031	25.225099089469484426	1
58.360164987639144840	39.684500200099101619	1
69.214401770728414931	39.273332449352174933	1
39.149929416926021020	10.136387147405129028	1
49.908966905040635709	24.940817068840193116	1
14.379260031371050133	62.966933452373538671	1
23.912562986921908958	59.507535693257857190	1
3.309169367863535438	69.465292583845851482	1
32.851560803988625992	61.212224312441669838	1
71.582816424496527929	48.795416942950858186	1
67.973294469094582837	7.910927715980181851	1
50.622646822834717284	33.242452503557359478	1
68.780238473138297195	63.000614652432460616	1
4.987885197300891527	57.341445408163885133	1
51.865007910357256549	30.832906504598785347	1
1.831433767126487533	43.098940527398241329	1
56.774631475982502593	47.252767841718863906	1
51.914439056547614371	45.010258392181782483	1
67.048787665629845378	40.801978056279025964	1
22.757524527160754246	54.347389158598822689	1
24.605618834966374919	69.724062142315574420	1
54.590738983704937937	48.753074646789286817	1
10.169944275399526390	8.333079591128937480	1
54.995051789157734845	24.126438323103901240	1
10.263806586926849107	46.233035485672424159	1
66.730025168762807652	68.712750345870674096	1
43.639066325449022088	41.711199086688914406	1
10.820566059458530006	27.156528581517058285	1
19.165849678702308267	48.119414955474617557	1
11.366076314082688370	22.951307226675861983	1
12.734849022924109363	29.047564951910587183	1
62.951081131523629608	71.463056712194216402	1
30.825023107078163065	11.390838000509329930	1
49.163886887321268659	30.997285028824691722	1
48.063498440856363914	47.239243959026509856	1
66.097349998766134149	17.200040650363035866	1
42.917030570371089482	57.058211119077171247	1
27.614614642159494906	38.557580373210228686	1
40.663847242025276785	22.926554314251134770	1
68.828748403408951617	0.528027151443985043	1
3.052396398438241398	0.716684714326448535	1
11.069497905497755141	34.798880976202696047	1
