71.743887569893487921	0.925000000000000044	1024
0.538841103185760617	13.129064077680242306	0
68.433291618173271331	30.922163164582670447	0
35.148103827626279383	68.070775343223658638	0
53.154121804206184265	36.848566255082772614	0
39.067641464546241536	70.795814435559449862	0
11.494833500499831658	60.616511263545319821	0
15.311107040032663207	18.998231955986547348	0
42.666448189586141382	11.074846153402537752	0
37.052945484033891432	67.710199579863584063	0
11.713084651430190064	17.606744820086731806	0
26.218056193368127538	32.646623774602460344	0
32.383986144721632172	31.761554215065356033	0
5.940766276944696500	58.135614908941597889	0
21.829509207352270295	31.512076493587347414	0
12.900568979558590499	19.132312075030771581	0
69.833038179158776870	54.195686708929933673	0
18.879559343759922285	58.608894201484751818	0
37.513528823106753407	28.501388568789383982	0
61.087292615068854218	1.818344705385521731	0
63.959883866693765242	66.044837652303712616	0
27.374197795510983866	60.933493209096241117	0
61.737455249449240569	47.995732991514557852	0
7.600537822385948772	68.480218079296378164	0
48.836314802850822048	57.205236018583043744	0
37.161701825896003015	47.033051229671826832	0
21.025798344171679588	52.814800691128354515	0
14.450830439434135144	57.144506350345530166	0
12.549044670507973009	36.244492406457347045	0
58.945173428264752147	28.711712683078729924	0
57.332426014096654399	31.851952564787527677	0
21.659421244938894091	5.217744033632492950	0
34.137604996601425000	18.887284799107252553	0
25.362746011285430825	54.211109124491819955	0
52.404257589855554045	11.391946368854634741	0
41.148243280791142240	5.349463183342982653	0
40.194932290608306857	15.768673179128546380	0
5.387296956945357707	29.195557234912126177	0
12.792656606674517761	8.495059307591787956	0
53.597182943166778557	12.885002921814262322	0
49.311509599545289007	50.181852309136296242	0
57.512132007982003756	29.932090038763497830	0
67.860134724062049827	49.410353885657883666	0
56.387679468672345706	33.540246930127885605	0
38.347931497459470052	12.560552281078836145	0
66.464506076642351218	18.522247863805862522	0
50.422348199889775344	48.197025539504799951	0
14.295692672909867227	9.768391198417539556	0
52.165022388279339793	3.790041939384912517	0
49.031216711252262996	35.697305506615002457	0
7.433306724648681474	4.724657904729189006	0
7.148755775206906193	39.886900285107707020	0
23.861627219401707833	65.070876471057289336	0
65.701375890640463240	22.117737527607808090	0
50.550486446644747218	4.939944590810772418	0
51.623624489224020806	21.776678359247643613	0
37.123357678015736383	0.425083511480070120	0
16.897968283417132085	40.549606520159152012	0
62.878756565656246380	41.917931837643145343	0
47.110124837375828122	10.343276479689905045	0
65.049535174127541381	2.465533046650024485	0
13.703654897294999415	55.300729798417172844	0
27.855010407844105202	69.436863560704708220	0
25.120384483488084726	23.036290403538188798	0
27.014937347042931037	36.341775508345875778	0
18.221829645742445791	3.899507210494891130	0
6.885746573988384966	14.506463552280276730	0
34.718569451209965848	57.712378320545028032	0
33.438596309485618008	46.815714721374895646	0
33.168590475794196948	11.159317575350002016	0
18.485385843719026155	68.892353076615336249	0
43.447533223061455487	37.531325830061916804	0
28.491833245646496664	16.601835862501179264	0
68.345984570763249621	17.951517980948192843	0
31.523403575257692211	35.228386389254012556	0
3.018527701091767934	7.054924212516476167	0
4.965826384080044953	14.973918963571465568	0
37.554821157829280764	39.146371521304800467	0
20.419872256469524530	30.178045814970271721	0
41.923047800762574866	7.178206266959252346	0
33.058727053447022115	55.695710607899947320	0
34.206392292184226278	43.055257596526104180	0
63.190647485935400596	1.818767048929520458	0
34.439133194338012345	66.244813871950242401	0
32.741241934627872467	33.692381044267278867	0
38.682689270368960877	33.537505876524313919	0
11.417271251058894066	64.081206486834958014	0
25.157462469555312623	67.022584129432075883	0
54.160540448143400738	67.546350861842284985	0
10.884489441506104868	44.704137072201966419	0
26.802179666590514984	71.128504872225789768	0
1.872917549083122468	47.253386624176116015	0
36.317642553103432590	40.655999581798305087	0
11.013671496112987569	33.876882960056093452	0
41.720229087572370474	55.455502448401290394	0
56.551228573266861588	61.451547412811741822	0
68.618177016771952026	15.999693093519880449	0
57.268127860077292723	40.867718702653888840	0
65.623781883036286899	62.049673158458197975	0
2.663222505823955810	60.143890530072340539	0
2.338019183679149737	30.966567595676863789	0
52.865398388160649290	26.316591797496045047	0
28.161822183674523501	28.520057522516381709	0
49.960154825689123470	44.558589512435403890	0
9.017115079095011865	19.846700731621329084	0
53.162211840117429063	65.839713113540454970	0
66.299645959554894148	60.189763178505984342	0
9.368267709816127109	55.115716896688383031	0
64.657757739373380446	0.545653722270702857	0
32.867036054842479587	65.093208901567336966	0
18.662984082043148959	26.763873689136303824	0
71.542134058867915769	40.626973917002949577	0
69.040134545854812131	0.128549260634938795	0
54.803706170680065668	7.402402336231281410	0
9.434822829425034030	64.107354746502991816	0
38.239252636369641891	52.449972283060915856	0
37.152610584176130715	34.748579042657908644	0
60.049061702751323821	9.126669670752479036	0
28.835654531052675509	47.560911457120923274	0
34.650769018691953249	61.694213452882472382	0
62.249227673940893624	23.478814661158640575	0
31.116939347709362096	5.304309059162502393	0
34.316809060155783584	16.931351184105150054	0
63.632024986150860002	70.595123462877822362	0
64.792885385467357651	64.066753588523909002	0
39.834752835880379962	55.888746785009125517	0
6.138710918672291683	8.397210044871219026	0
9.926858316848397479	32.232012411051329082	0
16.386394623803791859	31.422370901083411354	0
66.589709389213808777	51.974444253453100373	0
19.688356658773528807	63.189042556182144494	0
13.348959612222941473	64.114536048556416858	0
46.691661143849522375	5.764925945119611761	0
70.512390283192416973	32.781569833754979015	0
23.581038903815510821	21.850573773484821771	0
68.841170111441854829	57.629690736728839795	0
9.048741584839673280	40.422117965505051984	0
66.900505468674097642	8.712082977543401441	0
10.427423951381085132	65.737325384836680087	0
38.175873241213047038	30.828900310339268032	0
68.391884256886328330	51.261128308875470339	0
60.775627701213558396	29.303126960704343418	0
44.460442389746397396	66.446253590167756897	0
2.581114993924948031	58.161654445733695695	0
57.347102619354288322	69.165063139549872062	0
66.090143144552257581	53.871155484074485287	0
62.688167577376447070	29.530510508313422946	0
37.376099073036122888	45.064746034461897750	0
50.807571420101183435	34.965474866450300340	0
70.523921487803491459	6.276359448185475642	0
41.977839708967593424	52.015778043350032078	0
43.682746221673369291	46.145962994682051317	0
25.204568551117247921	63.757135057267788625	0
66.804988856578049194	43.475350370387992882	0
65.811183878032039729	13.919224505415725091	0
6.924137164180752535	32.650373315787973638	0
55.702021904588065127	49.647775874758764303	0
9.695385860473864525	23.404007006993985840	0
41.885553027713655183	36.409885096747096611	0
44.623775686683401887	64.494997123006641004	0
50.392161189423731571	56.043078891164718414	0
4.998717588716816707	33.058921486435473014	0
63.703286880291685179	62.434224734209067265	0
47.821983096293081417	1.852878168510403656	0
17.393196641086589693	25.257263183522955075	0
52.921231940373601788	70.840787332123170472	0
57.412047165344688437	38.959003678185204933	0
25.976592365136507823	68.837197944490640111	0
35.133962860355730129	49.533578847292631053	0
24.631051927052059369	45.790572921771975246	0
32.585163962606650045	17.815690226329277124	0
44.167996640126276020	12.351954897994000149	0
13.912361607786438711	46.941729607911625521	0
46.162084629013705239	14.812156290538807113	0
47.366987393809324658	46.821179827520964523	0
38.699518841934533953	43.586423469918806006	0
41.667359318007306968	25.800167731731605159	0
30.799568124337945108	33.371130065656863906	0
23.229167887861070341	36.228936301537594034	0
29.718910708457332959	20.012308847716184346	0
44.472400251900268131	23.128336418784542161	0
0.759442787154732346	58.893835593873227197	0
52.870765803166818841	7.579128112697460118	0
12.405850100670233971	62.367868939617814306	0
56.452560822030569909	21.948342933504818575	0
24.364760477823342200	57.576571297133234850	0
25.101388510715089808	3.434770202124426408	0
34.098682639036603348	51.197570771704718595	0
56.116035828765603810	67.634705518768853949	0
6.559797441742689195	50.980899771080160576	0
47.248472658105626465	34.961589435953939642	0
70.693361355756849207	43.854821935381018250	0
25.361874765761751149	50.408675688204887422	0
6.419276218551686064	36.416915162491235947	0
68.074352318489616209	59.434773978617101875	0
4.217618406671371112	8.624505937616254059	0
20.566289911226505183	59.520778181583963828	0
48.597329981587215286	55.256840137360477172	0
65.520364523242008659	55.748927871460040251	0
15.288320503123156158	64.111470839062036475	0
68.768976390571594948	43.472074602475998972	0
33.366295110973688054	9.226316743504952456	0
5.545674770451467950	16.877806182731482920	0
17.068478609038479021	35.910539802921675800	0
24.945639372007427426	52.288652273566633255	0
29.571481336255505568	11.669772228565353345	0
12.240138214848514053	53.941543053970690380	0
6.282376507620567097	30.866098218466110126	0
9.513328409635729344	57.103740166033986725	0
51.240550244647280920	49.949119416975790386	0
1.237872645479618949	38.134130589076512763	0
16.606942719965545052	53.167465945492949686	0
16.643466114711603865	65.531224996371904012	0
65.194562597176158647	36.605649903421827673	0
13.318078263033864772	40.778216521765976665	0
39.675097254976712691	2.837852182490412822	0
57.919567214689031687	51.002759557326243112	0
6.685099675473866299	26.790423814360714516	0
51.669533458949700844	13.275110372378518875	0
21.552130426634352744	44.455383992543254124	0
30.073825675305268845	15.495655337381990080	0
60.674957854658941869	62.899040847903620488	0
38.587690650856920627	68.891802874001726309	0
27.027547053832023494	3.871125285900029134	0
50.484799445446604693	11.314172700815829486	0
15.069581999639028780	39.880322815178622875	0
52.785466738664496233	34.917794510766512417	0
3.345966234879317991	25.159176987252070745	0
60.983755909937123363	7.372739684582910513	0
57.677569136359828406	59.837147246563596070	0
67.714065072850857518	14.290398729084962781	0
0.667635620134649832	32.018499362413784581	0
7.621345317276616349	41.792689893632804399	0
34.386416577857929155	41.080926185653666494	0
31.200102348028966759	60.784842654330837775	0
24.050386735508254787	55.680947590291467009	0
0.460755016104414217	20.376655940757903096	0
53.771416940427137376	46.423881748023887894	0
51.541916797340277867	9.617297763760634055	0
11.382519262667051052	40.982157632223923827	0
10.337087069315129995	58.896719275808123939	0
14.658364904538789375	50.727062466552396813	0
46.841526879209084200	63.779331669867460164	0
58.317570582109965471	46.469057507799682583	0
61.225290805529517968	54.137866663347573137	0
19.728114824537190231	43.798683453046919567	0
34.611231147062362368	12.416969820314891493	0
45.522253645138668787	60.259991045812476784	0
6.398612452974780318	34.480170056213843566	0
28.288587296835803642	21.290449594743328987	0
14.173535368867566930	20.566206605752174852	0
59.847022322982802223	47.656680178682165661	0
47.345208852544416800	50.419934251197332742	0
24.244842179262334980	29.312983838652908020	0
35.264134230211730880	47.587610368143046458	0
61.517683132929398937	33.792979191603038203	0
26.802493446390009524	51.765186715092838199	0
36.370255936272947395	30.110357498615030636	0
30.188759538507540015	13.559205429766844730	0
70.783932123411304360	57.948146639215970310	0
9.228423693302687525	45.766814602695724545	0
23.789601950242332151	61.284466011050341194	0
68.561135042263330774	2.976343068099989608	0
32.973133029837789820	13.389562172739335466	0
38.912781168032509527	35.520239269229939794	0
59.330833863248670923	30.666162780469825577	0
17.921675728865913868	7.758088809986464440	0
56.110206839727482020	42.417091386609570236	0
48.582861393257346094	26.432743408750603464	0
44.834754489320900461	16.250826753226395027	0
54.319400037142983706	48.296612526336367921	0
49.818557334944209458	68.469139756807109620	0
36.634208378253298122	26.629002319878726013	0
10.952562464815438048	19.453473050856466386	0
55.137020248950904033	65.895684485745874781	0
17.276949630562466353	19.238436431832788287	0
62.004490149294383627	5.357980443540030002	0
60.245805739494478814	3.670705958575140926	0
38.084228512436162362	37.282271181645199931	0
28.744614189560959261	71.201679551925380451	0
30.485718040779779869	43.560655816659028972	0
14.646091061117278542	59.125369665807042452	0
8.960846510045113789	47.702169638708028288	0
63.681010998340049412	43.671840902370050230	0
46.618742252814250548	61.853542007321891560	0
19.310236256414597733	15.178519505732616324	0
69.664606850121529646	40.024670588226577195	0
32.618159237663924443	7.450005672988557315	0
70.082146982623555687	41.971045374071508149	0
45.279340438786974232	58.350648038775688065	0
31.753844862989669906	29.895019176822405171	0
53.646212981531483877	52.835852567854502126	0
24.957793129810635691	70.541481175603237830	0
36.272227829719795977	36.499611676927145254	0
62.690641230391690897	27.594494310382863489	0
5.928414890373567836	38.310822370694133099	0
61.892993661732177202	52.266706891703954341	0
69.773495193670100889	49.862244571921998215	0
42.672200912335704004	42.367192956819543781	0
27.723939656286081146	40.341209143448651275	0
46.566623164475629437	48.607619679184203676	0
39.969552566540663463	6.867711055627522931	0
62.134944483285394767	25.415556823397899677	0
42.738417372216112256	63.915284597617862516	0
18.922670154103393259	9.458201122097559477	0
12.172483127779662126	66.454126701941419242	0
4.378795627247814792	63.106782958697053232	0
59.724056056398836745	12.884410572569954923	0
40.058557356572158881	37.115006089971508629	0
48.113957731379933591	45.010118100044714140	0
46.016460456122374012	52.402693061566054666	0
66.800333265464232113	12.274072441704902303	0
48.065011907647480882	14.255859505102112195	0
30.998369686445535365	64.536460650689861041	0
47.046779294939668148	54.101717027257862469	0
18.766017325252299486	39.303475142691752353	0
38.942765341505058529	1.011513674688033548	0
67.562563274507397182	45.270726360455114445	0
33.221581801608735418	67.744662922131112737	0
43.879333409381260367	48.131452359942365149	0
22.353438505117118495	18.657668608923774656	0
52.386897998575186364	48.366387330958239943	0
40.459420843814974944	42.758312303763979401	0
70.803901258589107215	21.786803134119857361	0
43.192083633193220749	34.953343102370709516	0
40.648246187543769281	18.199312233880409195	0
2.278839053381239044	8.887061741810784454	0
4.586185135048354233	18.632245510922153642	0
38.252058884877754963	59.408233546594708230	0
57.384503041504395071	53.633248601743176209	0
3.466128226710496918	29.368356752321119529	0
41.047869855473862799	70.612119528776176480	0
46.222950450874272121	65.617922833415164519	0
59.488280828551054924	44.938237966718524774	0
39.508020604357994898	39.000358219341094923	0
11.530130458887091649	22.823159615183406856	0
22.088044398475496166	20.607919119450556877	0
56.480587972800229579	6.386324590640944265	0
39.837839014304876173	13.845970977558787141	0
0.299434083863053757	56.464447552200113023	0
54.778262915587426107	37.980166887092885020	0
39.279593844160203275	57.718264825242734162	0
27.127019252751257028	67.221557841036258196	0
16.274437218278752226	17.308604243623399555	0
4.824231737692623589	0.126466900713991276	0
2.738402019620860717	62.135838089429142883	0
25.628840904626812858	61.863348156947679968	0
6.007562744187629811	49.067080091082509341	0
41.655017492925850320	27.750940519433736853	0
66.501663119391466239	3.820489451866971198	0
69.632264421834264567	37.382875785653595813	0
9.862362619743562320	10.843975686978083672	0
65.228729960712499292	20.051306722254192749	0
30.182879148478971132	21.896738026201244764	0
42.642110504273382787	53.796167006503416985	0
66.722958019731905210	63.699742023053971707	0
25.388879444646740069	18.609368729407872678	0
32.334220052754801600	25.063641621056913067	0
12.870335324133808541	12.979424014476855120	0
6.073968832095198778	62.171757665367451295	0
31.489170939120857184	12.165756014859896439	0
3.342400564687542097	67.603881441419488851	0
9.555170108734005296	60.683152492611206696	0
68.136839215401764136	53.191799535524133091	0
10.427158754063025725	62.401214953729528645	0
2.083848884045114147	26.745856455534362084	0
50.392335601733805106	2.974789427248242024	0
34.232343978724834699	32.385542439160637684	0
36.252248923198962416	16.705521636208043645	0
31.712192399868360582	68.979637646462393263	0
60.178975881823930649	35.214569818142436475	0
23.090686366006575980	14.668394596880593994	0
60.188823861381727909	0.043596783361974652	0
64.220533142944674410	23.671721220642734096	0
49.294742622551112277	46.582882068256537877	0
64.986086375970629092	8.760838612745033060	0
42.696188781531354550	9.100390335541286291	0
61.074061340244419682	46.118717491909819728	0
26.273197307292921465	9.659766203096557646	0
25.043362093329765372	8.155910102836385178	0
14.509976084905760629	32.021385156034313013	0
51.542835183600935522	17.314398380772040298	0
16.109104197752557752	20.802895155489018464	0
22.321736389013263846	29.611822728528100157	0
36.457983590411274122	12.818267173787608826	0
45.432062281894083355	47.021762361764956495	0
58.738722200674885698	37.476955094292179638	0
51.522534689160146115	64.092975580946770719	0
6.036325721750718465	60.099075601587735207	0
25.134084640577761149	36.683297227344603186	0
13.487249983082554294	70.845249977814617637	0
69.450790953335825861	45.311852703186367819	0
8.670713185983009552	26.827542677097540036	0
41.219490062498216787	57.325547851836120117	0
49.711846723368495304	13.141690210156832919	0
50.951042133520751065	7.728549932628809849	0
67.204017562696151344	29.389994660182768627	0
12.450789679934342047	29.351629507963043153	0
7.690155513106899043	61.123013909834249091	0
49.672650902233456804	1.165010263455968920	0
29.266908406078357530	60.425258539651650835	0
57.192997545977156904	15.791157894326591560	0
70.473301829958288067	10.047088895356861116	0
68.749513278722716336	12.677925284866343958	0
62.013344439311040901	61.426763716407499771	0
46.201202225842109783	45.257070701417980274	0
46.033950550587995565	24.326656059715375591	0
9.953240214980622724	25.331657979351025034	0
40.087291846228332304	24.689516811436078569	0
28.787112631604149016	30.399899389397340599	0
8.993075942161457448	69.844029038509674479	0
26.948258011215930452	7.813145119195049837	0
13.794779394641802028	2.596959913403830367	0
57.282807821022622363	17.772079451369307890	0
59.068914528755932736	70.163766533174310780	0
15.155057793987612769	69.833797261011582691	0
2.443713743220181200	49.101208369448372082	0
10.277550534760633738	21.332829779624240985	0
4.390615541183657378	61.124974536105533218	0
63.364103970424245915	33.033757056169619659	0
5.827488659143135408	42.581622692921200724	0
0.379204500882193984	33.958060490105459905	0
43.929060125448152974	52.302728982446204498	0
12.233943764620617500	20.985925112058840369	0
5.654879076497357104	3.836432432368235723	0
22.512275876974243261	56.923947355219610245	0
51.658037536248855304	41.234838716689942828	0
48.497853704130761798	48.410905726820530504	0
53.836969269511243397	2.814624506581665297	0
23.792207960127250033	38.081397642391664249	0
30.475096928049904221	31.399173229380171080	0
10.347830578003417656	53.400487744573283067	0
66.661218379900944342	68.230266053019889227	0
36.593425010199396752	62.005983365529459661	0
44.268415969946040889	14.342143391948727782	0
22.533418205080050001	33.362528439367409305	0
35.569640426468737360	28.302568778623488299	0
65.986323534857859840	10.472785415303937029	0
51.777445413399902918	57.346090288213581232	0
10.939521484900133430	1.526315495008202960	0
18.750973302537406795	23.679466927386702224	0
4.294514503596516874	57.177284042736999936	0
58.592579510451130886	22.427067048534571114	0
30.067985251433348992	28.962386549411728964	0
61.017367493542280954	41.467995122994899759	0
32.752997317746284978	57.595480365490324459	0
41.537992030502493890	3.449408335301844986	0
12.784842358894406900	0.916627632376931456	0
43.260096285721104437	39.482937532496109156	0
23.896298319891801754	19.880761068823709081	0
31.355823924000603142	70.851536307504673573	0
62.021959091801193154	9.040871389924580726	0
20.621763185596059031	57.541358339639941732	0
62.164751282080224826	0.164917667733593926	0
5.405383316485697698	52.606311108662737297	0
52.317943987642721027	5.741455136313078356	0
49.618245025170068629	17.643907454117314870	0
71.101466172692553869	38.724273149999170585	0
26.991553525365187483	34.428571623780946709	0
55.596190955431907810	39.790802878856744940	0
23.529936903257183900	4.617674425630800883	0
1.421916193689742647	24.894488666085841544	0
25.022344598633626589	11.120039328615007435	0
68.549348864595316400	64.464764967605503898	0
31.271107442447735991	56.295808296205152033	0
71.504501863360772518	36.840003135714553650	0
8.233753752527992020	31.221736296287275536	0
20.600758176624918150	33.001367455601524625	0
41.629840727824408475	38.329930375729766467	0
14.375020600799535586	62.406693332441790290	0
9.845482987680943765	5.243019820176764156	0
62.945709077199026638	45.524019858374657588	0
22.050439465109949566	69.235225279994153880	0
20.849418265507825510	1.062128646930917242	0
24.003112756522533289	68.904361173132514296	0
63.475945831654925655	37.604998253902500949	0
29.843007084673512708	69.586769103899897004	0
18.467562523020077947	11.355807200525855905	0
64.095405241492215964	12.941974126257763444	0
50.617276537941911840	23.445103193380461448	0
6.028542612974925774	23.144557202673745167	0
7.879879204225278322	63.008176208406268870	0
56.596048820031441551	37.246177094839730159	0
35.204263714095148430	0.200192208204353822	0
55.132022524027803456	23.449189498623919548	0
26.316293569824043885	65.407906702984092817	0
5.338317640516822671	25.005707481733033148	0
20.615444781076014635	40.016575520467107197	0
46.073347760282096885	67.586644708975939011	0
48.563439164742050025	11.599897849785074655	0
60.118213469118892078	5.618511770889511148	0
70.113517232707891935	56.114851798447340059	0
50.167938337615119337	54.130075189316109174	0
63.840195810750991257	31.115370557041547528	0
62.183808100718181322	3.446790812644118684	0
4.316528865124344527	31.181677933357349275	0
13.459269118800003540	60.681905729070919620	0
29.002461946997573961	67.827917888410738101	0
53.457744472483568643	63.891120770281446539	0
46.206070802411510101	28.992831521407133266	0
36.352979000970307766	65.914985988775711689	0
56.258612802804449871	28.436672665287318296	0
32.706494274271307177	28.159045229270347477	0
5.743713917664011959	10.333645078482536661	0
4.302622287693369074	59.148632345459823512	0
7.953297297641088726	49.401702968368851998	0
12.730197112712424712	45.349821796675350072	0
14.316946143128861380	11.704042431679489766	0
7.409445915030262952	16.410170794904036740	0
70.614849381106282067	12.026510417016210042	0
23.335377187965697487	63.170904849493332733	0
47.893523883412761677	68.952146459731849859	0
18.635342159996817202	13.324208346739764508	0
44.017471384782872690	28.081182427615569708	1
64.364550784130045713	26.023177660438513215	1
39.759995232695956702	29.168147677473612589	1
31.092888693604841421	46.887527918937649929	1
20.755932603193326003	27.875782160772612173	1
3.471118637485560932	4.748252464286171204	1
5.636102469740356113	67.210268363983061590	1
66.996623183010726166	1.237536174152184199	1
12.201745575639520780	31.669611003517456282	1
50.581519643081691129	70.729498199645391310	1
16.676825377778101256	38.219878143917952684	1
36.175985014517976879	5.178446484006299144	1
18.476962394146102753	48.598105552349899483	1
42.513177083245778931	15.960658560681975970	1
30.672993618142658789	54.022111928498752320	1
59.504425998378145835	15.213778615180418186	1
14.921559180177160542	7.554724751313094622	1
62.437592664675790388	39.654982287790865314	1
59.733912402828394761	60.785036708852118181	1
31.759894775877626216	51.492404473332136661	1
49.215635701256481127	9.328730313215615411	1
49.532005679829687494	42.286489779884277596	1
6.978474489406464087	18.710452679277807420	1
12.568492513147953460	43.021435992955922245	1
9.443879935570885564	17.594057940265109607	1
61.151278867875937806	11.167650063722117437	1
42.345366077966943408	49.815492428893037413	1
52.699973950196714156	30.596421792210325208	1
57.152587329621063361	71.500247069091884100	1
10.950338761866335702	27.425100037048327550	1
63.133906979018547645	35.386936451903707734	1
67.484608678167305129	35.960304337710340405	1
12.266852488127522491	25.028071631126483254	1
63.864743432989811822	57.450182105929982868	1
38.623817377231326020	41.228298791366384535	1
58.732917793694880970	1.919707861890407763	1
20.396386885892990648	3.337039446801270959	1
58.055122442768592350	4.625228074901656328	1
45.591638489523425903	33.307703843200194171	1
32.877822326218627325	49.042765205051765065	1
40.360346138295568608	64.099954631958624418	1
43.522104500678018724	2.226258578945796707	1
61.824377629746216201	16.557411338987098048	1
3.312464316542514720	16.617658050065802655	1
20.842888094383280162	8.213777301917577489	1
18.325456741656687143	29.113045723285694066	1
7.966782686682721604	21.893614411811306297	1
0.467089106602097515	54.088108585378641635	1
21.562193628887559527	37.940145583911217386	1
48.359831155318580898	24.165876134639649564	1
52.826683724497115691	59.400649760253550369	1
42.134011842728490649	13.402996243411454458	1
70.164403836920300250	60.153562487072946396	1
59.177705945028641565	58.060517849940957547	1
46.330291124396431712	26.661173656488021066	1
3.794393687889519473	22.909853390226221137	1
64.202858537729099453	17.946976660791765568	1
0.083327683205567687	8.202866748911755934	1
8.229801621209759332	37.834865578162812483	1
37.340065509863663351	2.720676357445217963	1
33.387118249079904331	53.459681852949017866	1
13.345546455921557083	34.057943668918667868	1
44.733604673183627654	30.735795239044676919	1
58.447850946555917062	20.181316958245613336	1
66.191057058923192358	65.944267112090386718	1
16.135102773378722674	60.847666870245319615	1
37.582461495538630913	24.447066210002358133	1
66.474191179520843775	24.350306076313138703	1
35.949786714250990372	59.758342151724924918	1
48.008611868669589740	37.756238403140642390	1
4.885745109859194635	40.386980959065404306	1
22.802629563911771982	67.011477242328652437	1
45.801204925564505288	3.584739019124761228	1
0.869067957687270298	42.688478269885678174	1
29.166334193313304013	35.370272769900552134	1
2.855554011744405152	20.289959013149498901	1
10.346840748084455086	49.517212026904097399	1
57.850764548527678244	35.315683360883127762	1
70.718137893541921812	30.457554304052870009	1
14.846859631426244874	36.245865443908613202	1
68.695410904915490846	22.855022376100013304	1
51.551295741080267021	32.907974423684713372	1
32.550406901509283841	62.731196900789051085	1
23.197198567365045818	9.625269222726803520	1
1.395591929867938008	2.996231922090693445	1
55.799571034958503901	51.946876896311216854	1
35.410503196451429631	10.280451277057368387	1
42.220741966380444410	30.031696225991804994	1
7.711729546610654573	24.678488004317951976	1
36.525458457713092741	69.974892533608809231	1
8.858136654538386168	51.582295368585405981	1
41.226704532660441771	40.584583883412129524	1
21.526771431438945115	64.628980007624235782	1
62.465930608981430794	64.349676316505536988	1
21.484339890840082887	61.699319161510167930	1
45.467881343845128583	38.674265437199593975	1
44.239636269263712620	20.828218578013792950	1
13.316597575792711083	38.433861449076005101	1
27.681795743372315854	1.587782807399901408	1
11.902827053150922154	6.366134841941534006	1
27.657318414952346330	53.962492493168419117	1
56.508866950535022511	9.006004754121974543	1
21.222482752243276849	48.802131619205688651	1
48.251821772367705421	66.679073025766030014	1
59.527404464807361251	52.630244181609363352	1
30.357667607725002057	17.834491580396388599	1
58.443628952268092291	10.868298507821421595	1
28.445163699926659717	42.511629916950674613	1
1.216751507445471558	63.901566486036507797	1
25.433519587702154041	59.589037911999014341	1
18.945231920879102461	65.440241671470005258	1
3.094884163430076551	53.145680288436160765	1
34.699966930813914701	2.846156941230955084	1
2.326581368593522825	45.001064078985606898	1
29.024021211887109928	56.229066688499464988	1
34.945126564276705494	23.780532766798145872	1
60.022180933224206001	24.313366911356471434	1
3.499257696055134037	10.880295081764787213	1
21.163815381188079812	16.587104496602250947	1
71.461165268760410640	26.703991049317487239	1
25.786972077353645716	41.685150412951600174	1
57.773904131991820066	26.720064712757288561	1
34.877835901216762693	34.601539756329273700	1
39.509831564068925047	45.750531246271862074	1
71.623586958499146249	46.038778601647500466	1
18.815557891549879344	60.985329399496947644	1
26.324540493270838226	56.356798648398275020	1
25.495467078365805946	25.276841967820566026	1
0.684096630147171259	61.246745293101724883	1
26.616433226132929946	46.972716105380030172	1
2.492467025811729187	55.800167685723806699	1
20.165619109008254384	19.354671771137933689	1
40.595671724569079686	59.540558386338751973	1
67.973844007080629126	61.779278012392907726	1
16.105202597272789689	3.062415997262444289	1
17.394182284451666476	43.734071713730038766	1
3.591180558544871726	37.959270396499242395	1
10.663067761926166455	12.926883157057993401	1
33.817318909238039737	70.005916267464044722	1
9.807527287624434820	42.660411208385610848	1
6.191346637288765997	64.548332523095567126	1
16.449523021736901285	12.482331139592231395	1
1.289050542187561543	22.519320622545766497	1
70.356838849701588856	62.886967310567868594	1
15.148184071886353408	0.638326768675516631	1
70.063053276779299949	35.074720449810754985	1
63.449875660508766373	54.764766006082588490	1
66.476699752118619813	57.846633513457568654	1
57.574143582335899794	13.430735116240148486	1
67.845419310688313885	55.491065504723209756	1
52.824228705907053438	15.361849993830833938	1
18.403535307884340000	1.520782547583880762	1
10.165874828299036992	29.921383696971979305	1
20.834732030659381508	22.546085109168497951	1
10.305163721856406056	36.141539895337182031	1
34.980432467832621057	63.984603721293112244	1
55.496791940025914869	59.283754682308099859	1
61.118376206380972349	37.312398838440508086	1
30.087270765530515604	40.248067814224434358	1
71.012749080717313177	24.097615504970303135	1
53.981665984060093422	41.547876207169572638	1
50.833028569070762615	37.208226718091609087	1
38.945213278064571227	61.679832910314445371	1
25.992420496440825417	20.902175503431028147	1
69.086858437301188474	7.997932527964406901	1
7.963205520104435386	9.689547006784499317	1
64.054011526368284990	60.171981788062439023	1
70.913732042649556320	68.134127333635248647	1
22.469237385220136360	46.489403248818049974	1
50.001999441336316465	30.800446218826341038	1
45.724712499876304150	0.842048066184827859	1
20.495726929461760335	25.238281568680310585	1
18.666153270913824258	31.718955497092441220	1
61.530068675637409115	31.514425941465951553	1
32.728360428263293613	39.387521622999742021	1
3.512399268647429906	42.626200464504620413	1
64.014231540723187663	47.625565459616368003	1
30.087776650259108635	24.222032127789372424	1
55.779351368459714422	63.694558200226914835	1
7.569470745788396293	44.161090973360735745	1
44.791033086385532158	41.272201754524978412	1
19.438844494557447007	5.925183403030495732	1
29.112149291889718228	51.774029483433729126	1
53.500206828962156180	50.483837493066900493	1
21.488670735666122624	42.173602223729787397	1
8.060503948037680999	58.894600507429586855	1
47.450259393634297567	40.447877230441932284	1
57.787966287250966957	48.718832566644401538	1
58.984277988873543563	55.303961900923219730	1
27.512145144255914175	49.523535104582713018	1
43.343895316997418377	71.224515433914177720	1
36.564297061280157664	32.470331468076082615	1
23.316847371741090456	26.953234099654977740	1
11.973293565776627290	51.644599381305020813	1
56.166107853922760285	2.797140539142613846	1
44.990329207421417834	50.255104061642271063	1
42.943932438539988539	18.499561894235235116	1
28.545972983125054157	32.706916008083695147	1
49.176874891944201806	64.131831117989904101	1
26.276431501338223029	16.423886225521695081	1
66.705536882647621155	47.435744659379032839	1
54.151041580340830706	32.975971916539258189	1
33.375948404902636923	36.718872037155726673	1
5.059575399279408359	54.955209367358698103	1
17.047937582876091511	15.103963792816193390	1
59.639694839610200461	39.645248432142984996	1
23.141750871606369344	6.922630020678415264	1
68.568286520825054708	66.882992289619451753	1
25.953913465659599780	27.784096884812861106	1
32.980332120346091074	0.761161805153782067	1
40.378520244959446472	11.552020310781708545	1
65.551039359822738106	49.884749448663747273	1
70.894609888619569915	1.515595109181313349	1
27.462986841143571581	23.446185164826268021	1
17.371468412406354531	63.255805193173117118	1
14.545159957039226484	14.453404384108017311	1
49.995064773405914593	39.646793613452217642	1
1.374431361775197757	51.166420007849332308	1
61.857896521532701684	13.774950630281605157	1
7.341924219514644356	56.323215878324809580	1
61.892315192690915637	67.066532828782214892	1
43.422552082154069808	4.896497561119637076	1
65.157994919670258582	41.852187283229866921	1
55.219471599190036670	54.584731358827305314	1
18.423355627414714775	21.310572470143700485	1
0.894867614952320256	10.822230909676664012	1
64.287866359914005443	52.300036379197095471	1
45.583249014286842282	18.458721333784485097	1
46.443080344654021019	12.541629617617712000	1
41.700977919260708404	61.844012073126577889	1
54.560639661165161840	5.043753723899055963	1
28.128928788460942911	26.137178710853902430	1
20.328839504139921246	67.671629400237563345	1
48.023754335239097202	71.263327661114388434	1
41.200510630144698609	1.120026712229397869	1
61.861243113652804482	19.262880827017092145	1
58.971702761999218012	42.438220496523683778	1
34.978092014370666618	14.697127891122788057	1
20.096843435420289836	70.588915773824552957	1
2.137177458598682023	40.278976865962420106	1
4.204546523828681437	47.528637631537982600	1
48.857581374553632259	61.454021327603321367	1
6.844890093924631991	46.839045371691476305	1
17.095550137110681277	46.346606111195285393	1
66.121822432600453112	31.447842655575328763	1
28.211557761472956685	5.919899711543419762	1
1.890869819187276368	0.284750828420514579	1
2.882113047920230819	13.568825929686070708	1
47.328291497241501418	31.146278332240964204	1
10.713924879104176568	38.785193384885332080	1
68.916280545944616165	25.588130863028219153	1
16.501457143412967099	23.075413606479976636	1
11.923019088062130066	15.279120651094595829	1
44.259310842801042440	7.383845693819971245	1
32.379804174595648192	22.755009100888155871	1
58.321050461403515897	63.053539220292584844	1
52.733230985102750310	39.153920838057338472	1
35.939701672868167748	52.696044880637494146	1
32.508823516661450981	44.654514936423119309	1
14.412550253460446825	66.228176141554499168	1
68.130384905125751516	33.255053854034059668	1
56.760218687719280695	56.851165984538710063	1
10.434694261808790117	8.582991429062420963	1
60.150117935485603482	50.002412592473170605	1
0.955717995836578571	15.448560881036719650	1
50.870917843051195462	66.318354439075903883	1
4.994945913019767758	44.881245836766403556	1
27.217522563424974891	11.828537857063651018	1
67.732578836748899676	38.662582532521156509	1
33.269843066621390903	59.824794994803653481	1
30.313195666375786885	1.142425368920186202	1
63.706045462875792396	10.675915115884263784	1
50.691844904771727442	25.689181112003041108	1
68.287718647207981348	10.511017484306158565	1
71.131456824511900550	70.726727229519354978	1
55.275559062224672857	14.383668901773440041	1
19.691890081167240822	50.986839501460565316	1
7.675300525804630958	28.932897062178028591	1
18.915585455866999354	41.607737313101637255	1
32.165952559784322773	41.967434243945163530	1
58.599535566723318425	7.338534846350362351	1
26.396791738178478681	44.281475973934803392	1
57.278764358157268077	24.190654331033300650	1
16.066660213197920370	33.767545343931352875	1
38.817455776016437596	4.957197499296320586	1
12.529927246850402156	58.497702733312259227	1
9.046728224283912212	3.044386233239599449	1
21.008763020143540245	55.186197670288649419	1
22.762769072825218331	71.426513259469189165	1
35.002912216921146182	7.597528031628678846	1
52.026524796651088423	1.307982685461579253	1
59.297450433775786394	33.035793343871510785	1
60.452500355958875389	26.978448190807959861	1
17.306788015008521597	70.816834457787322776	1
5.476742294450847481	20.847267328347768967	1
15.646075329733728054	48.571307124416378542	1
48.372769961091954372	4.081061643608505207	1
51.390401433439137691	52.231928315190913281	1
28.894283067167194190	45.247616778842129293	1
18.601238223278951267	56.283041884057318782	1
39.014442600655527826	26.696025777663585643	1
54.638019791256688507	0.632853492276374774	1
4.378256648310315136	27.180723984864936682	1
23.024862572276088457	24.174416470352941388	1
6.789970233274973843	70.659320096267165923	1
16.769179079601723714	5.700967791067755641	1
48.482217053063045853	28.667965707397389252	1
52.184651118217693977	68.631856996916880576	1
46.603937831797630054	56.459491799586047023	1
42.909967827840404198	32.652347278391950169	1
8.225448194345322150	66.258409899129830478	1
32.020443913870160202	3.183310699415225375	1
25.852699915092781424	38.962522906565631331	1
4.337375984042458832	69.642044140585312562	1
31.183066374580469926	9.918697727748003956	1
16.619659352099077410	9.747186216032138972	1
18.830239326315602710	53.575477674493050984	1
55.025113688070597107	69.718982102343346696	1
34.057479006472469507	30.076802249001282519	1
56.013152755193793553	46.731327686425295553	1
52.029476889177907140	43.502378827451870791	1
11.703758799075954400	3.703699814976591842	1
29.842795124587080835	62.632638425599246546	1
40.268836616180124111	31.827165898170378000	1
46.918249282703463621	43.026775147710878855	1
70.576896158548635185	52.001789808398392267	1
10.401848337793552446	68.030931809682499534	1
57.246322397886181932	44.407838970964746750	1
12.992658799772296874	49.100522107447140741	1
23.771111983892939890	43.590108226579403095	1
65.499626551055158075	34.093616123378275518	1
17.002083018079453325	50.906022761438926238	1
3.933510170717195109	2.175466547010194152	1
43.537642968675264399	56.869656321865157622	1
3.616145233463706976	65.284787393162787339	1
61.397252220045743343	43.754332307874911123	1
21.177895267245212096	35.258929193947516012	1
53.893778259738418512	9.611868360404489664	1
50.804856755108922073	19.581157959506853672	1
25.574524031637139387	5.775076105085918066	1
36.419457555459302966	19.096645355711270753	1
25.329006001996503983	13.857876528353111567	1
63.434675833109935184	21.465606953283177916	1
43.284553201773881881	59.609001693061401284	1
65.268154015430738468	45.229587477184978184	1
30.796417921503898896	26.805914385911865594	1
59.564450020126813001	17.858266211965336367	1
41.656919617987071547	47.301284236298386077	1
35.117573840232076066	45.244277850777102401	1
1.311784192660392145	66.597740219801082162	1
53.295549995108231656	18.857621450378040606	1
20.952955369280598319	13.685444478948154412	1
15.002763491495848314	25.163704599473025070	1
8.963182859067785557	0.398077067324446698	1
50.119329515626752425	15.406489205891110927	1
55.080322211282620515	35.512399507094897899	1
28.573463251920376393	9.501204516128156641	1
0.097439090707366172	48.780890260357402610	1
20.772214739990857879	10.945820385652577755	1
57.471037470029237682	65.765888539433220217	1
12.179159318392443367	10.723719493762970956	1
22.766270180504363907	59.234272213871946633	1
8.229675467920744225	6.961020457458319655	1
46.753985011023232232	8.108229878036754101	1
37.001811964307059100	21.796637850787494273	1
38.488565351911070422	17.334615682808344417	1
5.435816278915991617	12.676249639755651444	1
51.211563163948419231	28.322911249808740308	1
44.393071800718722386	43.914336211428569356	1
14.344775523684885954	53.032590327468497549	1
64.890377903259064851	28.967764666200132240	1
69.246046684461560972	28.268809329069462422	1
27.731985409511597851	18.802327375080807315	1
40.889083120380810499	34.386718863445452143	1
39.004588334700144969	19.916888086953132841	1
35.281995518756367858	55.381342372089562787	1
69.381326631074855982	47.597325935441546108	1
40.286030174924803759	53.597439675875072851	1
65.995847184606688529	6.600268275551707475	1
55.107942359552502865	16.974318329424406215	1
13.621394428925658104	27.363259352949906855	1
37.828486496043893794	54.729891925569397415	1
68.331221946211456952	5.341623442266035582	1
70.714895872804518717	65.431962293241682005	1
23.121878662401975646	12.318604154459270816	1
37.715099106843965160	7.500739619788813428	1
47.586783896001740857	16.598036962529576499	1
55.350111614094025470	30.616308206265724579	1
19.797443207486669081	46.163726026256249213	1
48.038455035958790518	19.341279309242381146	1
1.186102512547127841	28.931432306351833716	1
9.177604897700319952	14.965626891503383433	1
16.039392632040826214	55.408507160435569006	1
28.011680808529309417	14.340859593097267322	1
67.781440463332472746	41.352474733320207179	1
50.202054935182339079	59.108239679477463824	1
40.406007865533290158	9.006651345471185621	1
39.542790302398145741	22.517822896395330190	1
46.600477693727427209	22.035469685915611393	1
30.209444711022431562	49.376741538595609882	1
62.821981849253340613	50.076294147314648342	1
69.983114720423245103	19.645815772903674201	1
23.121051123329873889	53.596912045685030535	1
61.366618875045752191	56.453580202545616373	1
31.124407094965278020	66.790898125519802875	1
32.024708974754531710	20.063335793583650712	1
41.556381104747387667	20.766805117535103165	1
2.654989872635356907	33.260473885061358601	1
70.271870491811981196	14.367901829262693880	1
54.186246522984497176	61.652595639221566159	1
1.784198455846458975	35.843511690461319574	1
18.695657565540642508	34.331108708256437012	1
66.381220113471911759	16.236709513228774426	1
66.786241166018939452	27.092558750174280391	1
14.819396150593476591	29.711794038778553073	1
28.778832634318000316	65.503012767298585572	1
5.611802020809220970	6.202953108616853228	1
40.803641989159700643	68.376634478568263376	1
26.489761631801496122	30.352347587276419461	1
27.397386741949485867	63.291098974363983132	1
70.571479139916348799	17.082996275620601523	1
55.150142110383733041	25.830951778545625075	1
4.205003867329910605	50.603476536184487600	1
28.386067046024535898	38.126850084386937567	1
63.350244254111878206	7.175498397973877118	1
42.113452458429094349	23.441058168864980615	1
44.803108998113543748	54.470792531232604006	1
34.500508351271506058	21.121767753991992578	1
38.019305024787129810	10.227869199719238580	1
29.403026044487919677	3.653004720600109501	1
64.002376016499908928	15.263246622199837077	1
8.661323623327024990	34.162147887158127446	1
65.143925270204832145	39.175968383455277433	1
66.025077980873462025	70.451741181798396951	1
16.360466825646103217	27.414607505950879585	1
30.309828348907220885	7.449903147211798249	1
37.275943767342774038	50.308580091289712755	1
59.285374740930649295	67.829098671369706608	1
41.876763686953196952	44.596664310881095616	1
70.658215041555493485	4.040701617139303536	1
13.101903905773449210	68.598514467082935653	1
48.929387057182673004	6.629577579761392947	1
44.326313574548251495	62.201456182971277542	1
1.047162240999018445	5.724843934864574102	1
4.341067464850425495	35.362998877902626305	1
37.696833004598566674	14.811463123149607668	1
42.146783243493779025	66.125150484725153888	1
49.242355198535697980	21.664169260171465936	1
16.636420426963908881	58.098853326673271624	1
14.920144746346942100	44.816736432965086578	1
67.483048202629134948	20.564700190009439495	1
32.369099437456512192	15.565718346936728622	1
11.517725901776639574	56.075160165858456196	1
15.193739261645726302	42.178882443870520547	1
54.594724661210953798	44.244015106979595942	1
30.602897829101767257	58.517301113686492897	1
39.928707442330406252	50.894603516135113352	1
16.458425789566280883	67.889465075156593343	1
39.122525452033052318	48.355904036061275519	1
59.993472183700127687	65.170924081088784874	1
51.491782821969550810	61.763879785826809155	1
11.217444798242823367	47.033101290192945498	1
25.124021272342247357	1.083607094371794366	1
55.865829559199674748	19.632517009094126337	1
19.099687379171303547	37.006946393332611933	1
33.501536961439164486	5.331892169922009650	1
53.966832770202763925	28.287781573162629201	1
13.817516258228938142	22.787257932298395247	1
13.979631416584425097	17.064583858171292974	1
38.982788321437816137	66.429759869842783360	1
23.782874203884400544	16.882788599919749117	1
44.815790543873660567	10.088663642491061623	1
23.020893114873050678	50.866368493995850031	1
7.460679902863203594	53.711377923439854953	1
64.300406823076443175	68.347676441622198240	1
24.280905375868144347	48.393941212166232901	1
53.929431225640222181	21.477563440787466931	1
8.063481498109288381	12.421880436535438719	1
24.642341596874139498	34.373505348923330871	1
30.866320266002126971	37.496010226518819763	1
52.422660286275899466	54.829886082835599836	1
11.208707982712851958	70.656637286271632092	1
61.388326594675341141	69.712696668174032766	1
51.567432873309307695	46.171177109978472686	1
64.231489773746986316	4.595007741909236110	1
27.864138681532569564	58.605066101372997878	1
43.951289068153869266	25.407164500780389460	1
60.749189735998079698	21.675048737212787131	1
6.616095964485514180	1.695189730656851967	1
61.692318492003003882	59.072778447096141008	1
1.198622809522825738	18.192109024034163411	1
43.455470895445593271	68.526662134912626811	1
37.051384513236129692	57.343958968529960885	1
45.732821950603820937	69.888137536536177663	1
35.288681588220590868	38.600464723090752273	1
48.613574611366416889	52.397664855922506888	1
24.123492243976286886	31.650398233272060367	1
37.688927185150873811	64.050985475107054867	1
23.425582539138158467	40.350181031985165703	1
14.157720494610812167	4.928278515795254222	1
52.873368606811879999	23.988990557195137399	1
54.064741695984992020	56.994808506778682045	1
36.488735423431990057	42.917641793436693831	1
47.499594180005260569	59.093245075858007453	1
48.906784421406129582	33.339922824499765852	1
1.671125188361510805	69.291858696618916724	1
18.564412262776787799	17.327621191158076641	1
45.238558539890512122	36.026249032944278383	1
22.840700011351813714	2.399367096367550634	1
55.622529028544072105	11.630706727768282960	1
34.260474781092874252	26.391795389351425882	1
68.604991698488419161	69.593816196759249237	1
