71.743887569893487921	0.925000000000000044	1024
70.874778689046223690	57.015356330910393012	0
49.300278764744156490	51.172168732089943433	0
13.421478967712037189	0.239262870575926656	0
1.574786243680883491	64.873844513749432394	0
68.708168393913965133	45.548195455901726802	0
6.159416861605399696	36.899023678399643700	0
25.176188304092921300	33.753933990995420800	0
59.252989917565820122	58.033735372228839822	0
64.899117702803607699	67.473582175901256619	0
4.140946043682546929	40.652229590405390525	0
32.850888888131855481	60.738405958257914108	0
23.662577178163665792	6.423227206619569252	0
23.258269133653623584	33.800129533083136835	0
53.336579374651890362	48.430768605798178328	0
16.950353309213262776	52.843414722742785727	0
39.515196114579737241	43.360814223952580448	0
44.340735677649071533	2.265621392620473351	0
15.279162291974133225	71.245766732302158175	0
68.951745209081948929	60.238736928644932789	0
60.086011501638168397	56.291133786074574630	0
42.263460281692054821	54.944914772058680796	0
38.037112233543481921	32.460452721061926695	0
29.403012629238418185	25.032629267035769516	0
61.017521262585106001	18.035961572682754905	0
62.915957792683499861	61.674666747387227872	0
6.897161951793703061	10.107292411355572881	0
29.836905482750537999	15.321186636416017635	0
71.691311887947065884	21.063923563344754797	0
24.415680250500905402	60.803676449193169162	0
28.890008187552357555	51.481495872162071237	0
58.491143231357398236	40.056952326606754866	0
8.293607289968699448	61.909576265793738514	0
20.482987963788968244	16.904703346262415664	0
5.243281124964905615	45.032445854416728537	0
21.491981583934158806	33.107407678003582419	0
5.468031401395263558	11.443587306821022764	0
34.742807378770919513	69.044122148173912024	0
57.217980644465498585	33.574003559123482887	0
31.090955158290615401	30.317864273311322165	0
35.902065387754916514	43.534219730984581531	0
67.111926919402819181	1.278024965405509361	0
2.404564790946302821	7.165115406180467161	0
12.532375992435078160	43.133919777564486253	0
16.566619688849542058	58.601567171807275258	0
68.342898754616683732	51.725711298054292797	0
60.808774261869658062	14.301563817948263591	0
67.863402543269984335	49.879784514129909212	0
49.473471361735597895	21.094521718677210487	0
53.618691243769482924	53.024635508586179355	0
34.568555038143699676	12.090592898323491156	0
54.205382788936503857	64.491871092696229084	0
55.733175719686649074	57.606347434900357030	0
46.974472645360449974	10.263670440011924967	0
50.590630853476056927	17.413675233386477714	0
30.374601792018484758	57.129219546526698537	0
20.584646899475178117	55.803755088676929574	0
0.239552990945442246	70.926866688567116626	0
71.349916192896174039	55.088922597063309183	0
31.689921034378276232	16.898157509532261145	0
37.201430886389637465	49.251694500375556629	0
45.129055967357558643	9.625614643211859445	0
28.926289446827567531	70.736577488154736670	0
29.860231609591032509	59.046615659726931824	0
2.995100778831921051	51.919055048820055731	0
11.024926404468457619	47.876966410811306218	0
39.683713049139853979	35.926190733785155373	0
15.961992529293793197	13.205173329773419511	0
27.257135373786720578	47.105773749226784730	0
69.494522728650608201	62.121159138946694611	0
12.344982861009924591	15.565006066328653134	0
38.923751972255857368	20.447444585323960808	0
12.520850677467427303	68.519636284891404898	0
61.058160134937125463	25.100217924400446634	0
9.261547663812690345	20.026807866399209956	0
17.080625509222098657	39.033233568805947300	0
30.781561483882935448	71.336329197662720958	0
12.268021920380341783	41.207781808496960707	0
60.261553207478009142	40.938852341600416196	0
14.993860811705566505	27.384868776283642688	0
37.800565114271542200	54.763161916554288666	0
53.280622122716543743	69.007552490874331852	0
57.944453935560154889	69.065565475927186867	0
45.058761788189890751	29.745909876036016328	0
43.611214136679720355	11.946578932843181065	0
18.943709792985327311	39.639998494004707652	0
55.043190941979766251	26.019198469448014066	0
57.125189304228655374	54.080526134761953472	0
7.233961331420929675	56.088312853006350167	0
28.508915548797183703	23.341944616639548116	0
18.580552139151304658	20.873507513936019109	0
49.928404440504301931	63.421638831172280959	0
37.364804684761764975	19.218193375959270242	0
30.606849254445911868	40.753240891480018604	0
0.122060055897686315	23.051058263150284944	0
2.120049883005546754	12.997979426303784223	0
23.710730239201435410	52.807075369533194475	0
60.961847287713517574	44.927828793191920909	0
54.835403416838659041	11.507284141162207547	0
54.629704325686780919	70.391081424683676460	0
15.290533276312043398	39.822971110126367478	0
13.917996437980225011	64.295263493838831437	0
22.345807369903546657	11.779070992230520787	0
68.659168227025901388	0.094839716675845231	0
56.658318994841131655	60.421380475345770833	0
18.998775482903120349	68.529693404798322831	0
58.899223150154263351	14.036465194869915507	0
20.707616915307749395	28.715476173966891338	0
19.987841437364107122	44.302984688223830290	0
34.440919402162066376	32.340433136557969362	0
68.671480633942920235	29.398690759370904146	0
27.876055264722733540	14.228835591306605579	0
21.906170009546663380	25.326690823486732285	0
22.082578603481088919	45.465544089700145491	0
35.258692675815403561	21.920342193466730407	0
40.463434780902055365	21.640393459533552090	0
61.850923035655270610	63.349879660726848840	0
44.371234515542333554	58.216800167039998826	0
41.539393538117927562	46.993537334246973103	0
41.036542734052602555	4.109778715570659990	0
30.890993308357057145	60.743461441106347820	0
59.365914026538760595	20.953583898390800044	0
59.323824403642703373	18.987755828201628105	0
54.385721514148052336	5.184452051002589101	0
63.266957105976629805	48.171817141729576406	0
48.424297267189082561	62.176720732622250409	0
4.269158279421265689	7.647853043772918191	0
69.963130358227772376	8.223860440250797765	0
59.745494580412909613	36.508346810902295942	0
22.505683640636899412	8.030607323344639781	0
21.224446614569114189	3.530027211833406842	0
56.192342666822447939	6.016948223108051330	0
6.918173089420896815	34.928093942781259784	0
55.132212340965651265	41.196315284626386699	0
27.944199400545087997	26.286744723134951585	0
27.465686948935346123	55.284742477034811259	0
63.920094520963218088	19.985406009272747241	0
63.818056838911417117	31.772725260482907572	0
43.761406326364820529	26.409873173426941406	0
33.940100869469326028	25.440877165457568054	0
2.870845999497771750	9.063289503598479513	0
58.948847440253040020	32.743211429649186073	0
38.694345883030102584	59.054601743090074706	0
15.467686539611969820	63.142592469563560087	0
34.844057726815023557	64.001381962437974948	0
66.952924731076720377	46.402138096032700787	0
4.015991897268537336	12.753686763921747271	0
32.770253242788818682	62.674500260303148025	0
66.432471473792347183	68.669690498338724183	0
7.282911028771513529	15.936320042229196403	0
5.848626867294572484	54.333571858027383428	0
8.405050455388144215	28.392432241945613214	0
52.127087331692131045	5.804898500633606240	0
16.204289628749286578	43.519764013622150856	0
3.145135124130828519	57.860509190506782318	0
41.796761857674312068	71.511700684844171860	0
45.049265187469060834	22.808597507239824154	0
64.433715393186119513	17.023809322218909301	0
13.753009261346653247	70.042270733330170174	0
24.255625670298762486	50.917528747210297979	0
7.611163169807984019	5.670738191325869870	0
6.496959311288144079	17.738500483272026997	0
43.907057359574793054	33.454413596462622138	0
22.595474969494926398	47.353252170940884014	0
55.719850805367855173	19.562721262441488790	0
19.221456034929680357	10.058819463240459058	0
9.763001768614412157	32.702126968746661362	0
20.256449749617146949	14.965251366765533803	0
66.587309695046030811	44.483826011935740041	0
54.461549553219136044	2.372453907324385103	0
24.388532831998013251	39.736855457509477674	0
0.828134243522336111	40.138532982260983317	0
55.111142502778321273	17.164037180817494743	0
18.761250065683999111	64.651296970285613952	0
70.145658121115687322	22.238977088705667029	0
13.332058209375849955	66.170580692341232520	0
16.422005577934719156	49.259996646127774511	0
31.224522893142125923	38.857715422684933060	0
19.709505620868011277	18.686699929575329548	0
54.076206333669482262	0.494513930283377812	0
24.863019248987864529	65.127466509697399033	0
11.500079777824533167	66.881037547332965687	0
5.354778499127561098	19.311353774613543521	0
68.429256574966728977	36.306311277897954426	0
7.313576581008939037	12.045105751257800364	0
42.276227932049998515	69.612673039194632452	0
59.204559563348830409	24.465266852311842172	0
41.176973219879997146	56.937196018089615279	0
41.181863694588791702	37.189919765825919740	0
41.147392811645609356	62.944274557299891626	0
40.015928318085144610	15.936052142590575897	0
67.288316996879430576	70.443615192294913641	0
54.887974952717620170	37.431709772344760268	0
64.924608805561987879	40.285652634573274611	0
33.674944840292774018	16.253130592046517222	0
62.910564084056375123	44.672539583475654013	0
18.166695291767886999	43.488516920477302108	0
60.776630652943332223	59.214093536078209468	0
61.722490751325921110	26.949824602611311519	0
39.870822066850671206	45.908651319224496490	0
64.692399810925948600	43.872919172984637726	0
24.357604496586571230	17.295866118014703972	0
25.893866512971207783	56.502011832321876739	0
66.390337299188985298	63.170889484805634595	0
30.999248071396145576	45.382870622726457555	0
57.058723336303394547	49.625587130861688934	0
13.519431015243265293	19.016484188588258064	0
50.453991829820857618	24.786837761954235049	0
16.453608848808023879	7.356568997475178229	0
4.990455052209390452	35.347308658531460424	0
47.971902102610116003	1.780725676402214575	0
36.177195008638648233	10.933649550407418261	0
37.669071618430400861	42.672111472122395526	0
10.185262850040810889	15.787856572920617282	0
40.290763632514043024	52.008182877369769415	0
1.953212882524804517	68.420839255531817003	0
14.312697320274308410	29.441548765258758635	0
26.929547820614317288	22.172218428881890873	0
28.081298940410995613	16.171147059787731592	0
41.996876443677088275	52.981537324678228629	0
23.614035219800562970	49.069489109444738517	0
52.285686146907814020	43.025079299560950119	0
70.527043075484684209	46.264329338501475775	0
38.853477667944211760	50.345300905720449691	0
42.161193596612108081	6.334966196573993180	0
70.803890807386366646	44.304997035433203223	0
55.409169638133100477	7.777865293277522518	0
53.635943802730395191	7.024950322248828982	0
51.993890456496586694	18.826195756784208868	0
51.401733374620860673	10.235543768335265469	0
13.852330019370873160	20.968705629547788050	0
5.453416554626213220	67.228216865698513516	0
20.604149618744955319	26.773562961982396047	0
67.579460167139330906	61.645191593657017393	0
55.239094390954839753	13.426292009650264703	0
65.396801187741814942	58.603754927017327248	0
39.167161872869279193	67.951602358895641487	0
54.630412020673375650	39.328079874803513860	0
51.408479414173385180	20.695663512190094480	0
40.207697331784025607	66.325886910044189904	0
4.072209008244976225	1.613011862184340783	0
59.479826170763054449	42.722238211124086149	0
57.652404583013549200	20.042704033628879756	0
18.493944339905443286	37.711109341974250242	0
41.139557524289934065	68.027649562452708665	0
6.491320263443187244	31.739401771054389201	0
0.903186229784380679	66.705707749487601177	0
1.362979592461382117	16.894944109116728725	0
62.198516383700123811	46.493603439950732081	0
36.826598670872975561	28.048966818143760804	0
2.324942615565571025	41.376701490227873137	0
68.310681141226865520	38.268396913267807236	0
55.520250718259731570	65.986693974817271169	0
41.542337148068568808	17.164127752203917510	0
16.719630304563644074	33.469134332904488360	0
8.644141263799921759	57.424705704833989728	0
1.143436746286255357	34.046360210415869574	0
0.053397137441263558	35.642440261047553918	0
70.864063455620581067	18.926460612691357710	0
70.534479862663047811	28.773746460461978813	0
39.213712196338256888	62.541900374162658238	0
38.420551894640624369	34.417435539907536679	0
56.862821189167050306	26.908773005695721281	0
50.501959262458186117	4.723723393792915282	0
60.781919293004897042	9.945439325982345480	0
3.613580941380117650	10.864247543438965593	0
21.221476672996221424	64.387971027162706150	0
50.085486048499021194	19.254669349098463726	0
37.019920219486138535	47.260272761699091859	0
70.433457495793078351	58.949477082651114301	0
24.926812518549397168	37.870389949311210387	0
19.652742912559340027	36.116066292690774731	0
52.848318353008444603	11.557462845723769362	0
20.685031516814685659	60.412590974648175290	0
24.117684770861409049	57.391237783554174712	0
43.646183595961872470	0.416539063007428600	0
5.829435264217532442	41.577906996226460024	0
55.698084432614948014	51.049748934565705838	0
38.241615771282631897	24.469795590045276157	0
5.339827690777652514	16.185302009635449849	0
31.801784311274719386	54.134905608965347312	0
47.080047186953621008	65.691059789300396687	0
34.470796529195084190	3.496655865651582040	0
31.889884143618942858	49.098398106955436049	0
48.426474562114400157	38.304619657819408474	0
46.072695978231969605	42.067048497230814519	0
14.764041727208928378	6.390657909580162332	0
52.704977434328895924	70.884567865349410454	0
28.056537224607041026	59.754540175880499930	0
57.387454410566611784	58.622383435241069094	0
62.915452115133085442	30.044495044046058752	0
3.044066641293397879	5.339705773916285203	0
28.174907274113266453	63.201870861970341764	0
21.168865950879293791	10.175318838907536190	0
61.889111548985653144	8.408407931414194181	0
63.965158261650493898	42.020037738943372574	0
9.592111477388668206	34.623381486709000399	0
28.691486613846258535	18.867739492322108674	0
50.151359333506114524	55.174243152750314323	0
71.480864690690381735	12.545102089194147155	0
47.095102710338572649	60.740078462469000442	0
58.418686456460747536	22.684182710786597426	0
44.077380886736229115	13.858959841016991632	0
64.847166489910250675	35.661545799139908297	0
68.416812341341241677	16.007228123079602966	0
13.121357988247853044	30.986645704172232740	0
41.992322124567380115	33.070831594155208677	0
23.038080974402376455	38.349758642515737961	0
7.847283921331706935	33.182951545087043144	0
46.519118424367427167	54.167166771637148770	0
57.362433412185332315	7.599164979143036902	0
16.261977796697376419	9.359559044798558602	0
65.518049471901946390	26.292984839912019623	0
3.951033134394423385	3.565113652869809524	0
30.477810707530949230	52.662254637018527603	0
21.726893067760862266	13.680096153200802078	0
49.422120823879112095	48.088959834638458801	0
9.614909069415720211	46.487711883068428165	0
28.048864828145404715	53.282215303413039464	0
63.290839832387071340	1.215931595597706583	0
64.585318027160980137	69.375823968152701582	0
49.004224637311004642	60.342936745497702589	0
67.700997942936638196	20.401422182620649437	0
29.773598158288777427	26.981390040044569645	0
21.519983438527219732	23.406683531625365191	0
27.432206282802557240	69.512470442781364000	0
9.299515533814378898	64.044822224887909101	0
20.943822533466484259	68.704091036326857989	0
3.828774352222664490	23.593220393656974210	0
29.058549540310934844	61.453326053562832954	0
61.293853032544618031	48.231094563724617785	0
10.304333790715894281	27.852412125375295204	0
22.457917198470710218	29.633836773740469539	0
66.530752092272138043	39.157458182334416108	0
62.955137832804652476	18.310928039590439909	0
35.170354834164051283	70.962505643739689276	0
67.678028335964768303	25.101691895492578510	0
46.838338378498988845	70.125409488763466470	0
27.814525805139869163	28.260443992852305684	0
32.094163425821307101	42.051197122342124146	0
24.600965200200100469	62.763647539052797697	0
36.793577519877572968	38.235479239721023248	0
71.118676856973451095	6.636758978133577180	0
52.613805304165353505	31.333650014876941015	0
48.178992947092794452	71.553600294864892817	0
46.838454771676325095	34.028262453958092237	0
60.078098377386638163	46.697147141405281445	0
70.306393055872746345	36.912231618547373557	0
70.580106718328053717	0.549919631672442621	0
29.660826779370363937	28.955665542885341779	0
33.193824409724591362	18.173443695803801035	0
13.236242272432754419	36.609483848114834359	0
26.268837418079460377	13.118560813907636842	0
26.858182926136858981	38.073917013420398803	0
24.989254383849939245	21.914183066368330799	0
46.175520785383596944	2.972736564968934569	0
42.462109881179884496	58.466485836445386326	0
5.652561932958963808	33.469888892207407594	0
25.555732490216037434	49.402774200813823313	0
0.637167347071136314	45.722727258569122455	0
29.743349193083012949	17.241511836237982891	0
51.195092069378745236	56.853691359378416337	0
49.598629091176334782	23.000167504570853794	0
13.755772477892451278	16.909250712640528036	0
10.015292770425988422	22.126038869628850136	0
28.665905162259846861	65.061834355511976469	0
28.166467656658564778	30.208062042362932687	0
34.336852170340407042	59.417521439839077857	0
3.484822031043275370	64.306630135663368719	0
5.002811328324655804	9.499723175372118078	0
69.920409922019587157	35.026240264887960052	0
16.730424299393551024	54.771353109747231258	0
17.992040335006208807	8.543991695499730810	0
37.727723393294319010	36.281315825837587852	0
26.826989936287276350	9.426312155831730877	0
11.649723863956610970	32.297380224561194950	0
43.127134026814978540	56.664958422476210842	0
16.828194953264226541	64.534617266300514871	0
48.097054528430859932	64.079358557727985612	0
60.110670457502799024	51.843200884466313028	0
23.180653911015859592	64.121077477265757238	0
61.888160548980728493	55.523202654740487105	0
6.754077942619421293	58.022087573985807296	0
33.119708724108718911	4.967903884548318771	0
2.135958691780425855	70.352037101375330508	0
23.649918775778711932	26.228453680732865649	0
8.923721188045002251	26.488755954546725491	0
9.802890524216923751	65.949918470341657439	0
45.357463614308088040	49.739881641091820086	0
48.468310428055467298	67.037659676745278148	0
3.801388382374406572	71.429453221295972298	0
52.630777793095866457	33.291061813800574498	0
26.947122349085869786	7.491437678217779172	0
64.173871570979500234	49.915371530180522086	0
7.329872795906102745	19.511995394847666319	0
53.763530675219328714	27.539639615778153114	0
33.482500001964091041	50.224156711866072555	0
17.397180755697558396	62.649716811502123903	0
49.250138766723090100	28.505535584451418885	0
39.780654545316508575	60.668700670966458688	0
19.095213603492798171	70.495915993236224040	0
58.841783166416334439	59.944529771248710404	0
21.300246844765254650	35.060056590143283017	0
18.297935736317512578	6.587419190090199272	0
59.909412148181779401	63.751672550903798253	0
19.879724448832231332	22.346361166726939729	0
54.669827600361337261	15.289530593842094675	0
63.838926828852642359	51.872513804028400841	0
20.515922560029050459	20.469795717527613732	0
8.048982569789123076	1.388366558148161012	0
38.659284543042510052	22.423110819473897948	0
66.650942550186215385	37.194876976912269129	0
2.186997469402152117	35.726697925163726666	0
45.166531510353280510	27.776778369841412797	0
24.019413981736015273	28.486041681373002632	0
1.094272517156198887	5.737216115261474236	0
30.280678668675971466	37.122195038833886827	0
22.330817748341825535	51.406777763298848072	0
31.271024784995098855	21.536639599779960008	0
35.045684106455283313	23.846539130298822329	0
70.044934442021983045	70.475484476392125543	0
40.589174264324682895	58.844235790427120492	0
23.085509037006630706	9.935038694680173421	0
49.304704222998118723	34.555664960535921182	0
5.206621312470423035	65.275865224919513707	0
35.477148070872075891	15.420539419435392858	0
18.903365578534753411	29.389693335480565395	0
71.157819976429976805	48.135024608980224059	0
64.865724013482974897	30.076477932089549228	0
59.149212092145688757	65.584969896473424456	0
51.373223350464442660	69.443927258017339454	0
59.292225269626079864	30.866610876752488934	0
31.672804045311245602	51.070916215817632633	0
3.515304263628059811	19.993041323502289686	0
35.582161037384388180	20.000445848867371978	0
37.113646635948121855	21.193629087002069156	0
49.636505543327160694	26.572924088785438101	0
41.174289622125449739	8.027740475406737630	0
30.115207804339345188	49.939815072647753880	0
26.789752857290753951	65.582864976203779861	0
30.088653193327306923	10.719702377612522426	0
67.013482669539229164	59.763077466542348759	0
71.545860709518635190	2.174298265149281040	0
54.549063252472222985	30.961559371574619348	0
28.717156978276108248	41.381574858154401397	0
49.538772599767064264	65.355391411543166669	0
39.797125073089674174	64.412514417735323491	0
13.493362817471798110	32.911004830718376013	0
55.552582860411007459	52.976197640332834737	0
41.096070251680664853	19.802183778849222762	0
22.180124379641341648	56.973787443774718042	0
61.641216907277929238	57.483429917626828853	0
56.536384918458779225	39.806979311442376002	0
22.315646872348601448	27.638976654253664123	0
26.875961599820154646	20.225977750485284901	0
32.549535075018489749	3.093522426536724712	0
50.497059287272463735	61.573034224943079096	0
65.490340096150944760	9.681170889308635452	0
4.907808951481650084	58.756431862178096992	0
17.525441798214551170	50.977177670844746160	0
66.338771870164990219	16.429837689675984791	0
17.426150916564473903	47.139431575251379058	0
15.268828427853408769	65.700300190106560194	0
53.942846749279794949	18.702226996245521207	0
33.599534215455683750	54.855563856283950486	0
57.638479519718821109	66.889743963862130727	0
12.784521230460466512	2.106373619918970430	0
62.926251551040472521	3.159069537723295795	0
55.150505820740271190	49.199451933575737428	0
36.416960560649499712	56.123587792317174205	0
28.331809686900992773	36.768987189201681076	0
66.785310988853140657	35.252255949349809327	0
31.586101070569679194	1.385549080730801075	0
32.595006624785632710	40.203049657321706434	0
12.227694458883837214	54.346430072547022405	0
40.321043402118242227	34.046043805346023703	0
17.818240177780939604	19.091642331155853185	0
26.278978424018720972	63.754550552682694331	0
69.295322689474588174	31.262403577960682810	0
69.637834353113035490	20.402135316587642677	0
54.213627732668776105	42.892589446354172367	0
53.274211093105058978	29.471563210655460807	0
12.794869940371635053	47.004978008215950069	0
30.500914986476608703	23.370942753262468727	0
50.733693927268696200	32.816439983717494044	0
68.013731885639060692	66.490840358192400572	0
63.716461992999555264	65.943400594694509209	0
48.406411753623096672	11.570199197506726208	0
40.482355102445744421	9.850632976726883427	0
58.390076821660116480	35.129752396569891459	0
36.831228706917372051	23.130452455320572369	0
51.270904774665005732	34.694374887067944258	0
2.116036989824111370	26.952785704218864993	0
18.381930048606331951	45.428856392745679216	0
36.250139742016784794	31.583652739501332007	0
56.561471211591239694	70.435955397613156492	0
17.367493242979236356	2.756975062179855218	0
16.434310848803924898	45.442035271265595497	0
26.398908883467719022	45.339302829067513301	0
52.302782515686871534	1.284717017551399776	0
58.806877578458824019	10.067156605874975739	0
35.733794140481563772	29.689491036141209435	0
9.111274275484550600	44.604304242147605919	0
36.377336238129601043	3.963614834599546555	0
60.534821157502030076	69.978944784157960157	0
10.559396018395588612	57.840471003423793661	0
25.520197981553927491	69.723255654849083385	0
8.304146209057602590	38.838669547675621629	0
32.063185939407979674	56.109402953195001373	0
2.657142816286059528	39.426529400155203575	0
34.241760134444938046	13.968521672101790188	0
35.044809137262312504	5.378009461282686310	0
71.162619323671037819	30.635650923725517458	0
32.746887609618703152	46.924293216625407865	1
55.167609674917066798	46.942214236964296958	1
21.500740732948148803	53.605432117618313725	1
44.011672627693762649	43.190416235630245012	1
54.405359382295245041	59.923648004732584127	1
1.673606394546424792	3.501594441046908646	1
11.942499825278853010	34.641060425571140513	1
26.614507255166859778	61.501888455497116581	1
43.690764194140029986	45.933375058271735725	1
8.806398681220660052	70.946397586554965642	1
46.157372158935437767	62.873201304448635085	1
15.707841271670904604	18.150018504138667907	1
1.802480852606720862	0.902819044787833924	1
19.107476108882192278	4.355368460687588872	1
51.695001863298827516	59.558096311478998075	1
62.646969204901886030	12.901605871926072666	1
32.129383597704190834	58.581584699623959978	1
6.277196683358115870	29.407599503155715581	1
39.088268840525685732	38.234605806075030898	1
39.427704216501993528	18.169777922551062943	1
68.816222352167571330	47.848351278113177898	1
27.848525554295616047	11.425466035161983669	1
41.575995885340887526	44.487128245740301224	1
36.733040529871438196	40.547061799020227113	1
8.557907426457285638	30.749228154267136404	1
9.124778298745395588	59.717162655407918237	1
14.814416169842251847	67.966166645100159371	1
53.293933773233852946	45.073757672537368535	1
60.368103273429966293	38.659257813756980227	1
3.336316074905079532	15.000518319814874602	1
56.285006174253204847	3.738633105365162468	1
18.349336349559376202	27.131121093341292294	1
70.381577858873328069	10.490163734457205180	1
30.082807450291138451	47.583833003263642070	1
44.833409560250807147	65.270218851869799437	1
56.161009597098178858	35.605798935718738107	1
12.612447658354582813	56.680782935462858063	1
70.500895981747461860	39.146447599610283419	1
55.558392660787660589	28.884628649682468904	1
49.175001946477358672	9.380884731487828532	1
61.977326789916226346	53.218226385931522771	1
17.971565021181440613	31.491499376942158506	1
58.682513000047634932	71.346772837960998004	1
48.223952146143723496	4.117584020615010942	1
30.591786276688363699	66.274065648151477603	1
24.490817142052545563	42.027562739698382188	1
16.919931496264368320	69.550367186631916638	1
38.696273113723457016	3.626389056220342244	1
50.238849372173390861	36.745707802923810448	1
71.584177551042159848	26.665177322738678356	1
12.767014072592166585	52.010494318144630199	1
44.778124419921610411	60.490470421273720092	1
57.161098307775901617	64.540086345834950521	1
46.038840568771028927	44.792050168697194579	1
13.696051816013442348	25.407464956565618763	1
45.294541813284716625	20.485091379524334343	1
26.451316507011505053	24.446980060120299783	1
51.486369004915104597	47.050299239697338294	1
35.698553090776556473	53.866819664684982172	1
20.140051860781326809	66.496145253648009543	1
38.023310635357525200	30.075527808791171935	1
19.801217384793066145	1.657062098744506384	1
40.463701812226986476	23.932711923899603335	1
30.924048009882667998	34.884094461458531100	1
27.056258337882919562	43.080018157257505607	1
68.370979931974773081	40.621692963829744372	1
23.492679364182183832	4.145432055006163630	1
22.559067178221184236	15.855704166365066854	1
27.595002061909568170	3.392283811558042927	1
11.430905629522991163	45.117312216238708800	1
19.795352676129731151	51.540720389421672110	1
5.385444259984864424	52.016254183138926237	1
4.758938293979904088	47.315524941114126989	1
7.702316032847704719	21.789932673717082423	1
11.055416064240867868	30.032897743890877962	1
16.353840950825460965	25.411861500589704832	1
29.038550266405586342	21.119630114919210939	1
65.302576312187255780	12.053511387507894526	1
58.569863162438920767	2.347944725952843203	1
38.510697145752850190	11.143934103090179732	1
68.899835846080847546	6.173233033591227326	1
4.950164852476554245	56.454805075420530613	1
21.365059434294153107	71.022571336522148044	1
19.777360007519988017	41.807114710060581331	1
31.623454064164214117	25.485884310211520898	1
38.792990358530843764	26.763551972266096612	1
42.052289529101933852	60.729302986037076550	1
59.393429861141818549	49.600142734052511173	1
13.986505070619402957	4.169296359899897553	1
38.759252979961445362	8.411846958273851982	1
8.211626514124651166	51.253148635148313872	1
60.627463832010661804	61.463580547206298377	1
17.367980039140984871	66.823839994249667029	1
66.408568775164994236	6.810860503403053379	1
57.821644999963908162	51.864768405038041976	1
71.227941247206189246	63.729217272444998343	1
57.754778895194320398	37.794492866631074435	1
53.460670210312393635	35.505942428396593868	1
36.178855638928574479	8.538239892656141805	1
14.895063841992113751	23.069123250537764136	1
32.086973905785285410	32.434975917742754348	1
61.960560328907298810	50.462645308529658905	1
10.432954662274617874	1.417068909198952120	1
44.541109282951786952	70.015786425975122143	1
34.941894807504318976	61.702177647765999779	1
50.413802609957556911	39.403827885028391620	1
11.083120395349892462	25.625643817921730516	1
24.242260455008953102	44.636416434145864685	1
14.566823099234657235	53.953832547661697561	1
19.278233665393081253	33.803931712106269458	1
34.988059506843015356	48.456283810404933377	1
1.549307813275398571	31.707542142209064195	1
64.441946467474224391	37.999653690596950639	1
29.519282616854731316	32.069129346958725080	1
65.684413828779199207	21.400077179218680357	1
52.758061271419634863	62.117385193211887895	1
69.711296944214169002	14.029501106836608670	1
6.557163629880711220	7.757713881801528544	1
36.192113607040745649	33.912739919168636504	1
14.215449207607663951	58.895047156819103407	1
30.520564102828249275	63.433698123413087444	1
56.907256235858582727	31.289793090018495292	1
11.815678827503788284	59.756847380994202013	1
33.364159826311556856	20.511363258796247777	1
11.402858099817402504	8.781702739819744252	1
13.075892828703318926	38.994180656597301038	1
50.561013608085524140	15.124775925382550668	1
50.422986508049881138	30.504021056138711288	1
50.479167789960392554	71.558334202674515723	1
64.608132182050638903	46.229532207752804140	1
5.932365521184315149	13.960348724590650349	1
63.321062899420418546	22.498417497747634997	1
35.368613196949141297	36.460238952690971814	1
62.694050547951192698	70.730638850056394062	1
15.167457039410365383	1.837339407942880642	1
25.797141566656478062	27.033103166796436767	1
30.475233907402319744	68.994922029470330926	1
55.135764361851279602	55.308245567206718363	1
57.817036869487111517	47.403620295732196155	1
5.986761266314522878	39.222549700918627025	1
23.977464426665104469	13.491941264283568103	1
35.224102997635029055	66.308589791120652990	1
31.204123145991083277	6.338296545889620326	1
71.532402176779257275	60.998948669592365945	1
66.406633454447103304	56.220071852215703245	1
70.896216276383256627	32.944177009981636672	1
62.135049792373528987	36.595253671085075098	1
15.319481659791545525	56.559694572839099180	1
46.297807404869018910	51.878693448530853516	1
49.378509010401643309	58.157473392535614209	1
48.284889240211228412	13.848931037525671783	1
3.609522425891946273	54.124739616554066401	1
50.227951566999443855	2.401445260018269412	1
41.234417203156986886	11.964231828416815873	1
58.139522217391544245	62.172078655098516720	1
63.186406712622122939	10.325257422384858330	1
11.007399457389499986	37.190865954502562829	1
45.768592946058262783	17.811941976693667300	1
50.299944726345856338	41.919597623578546575	1
64.055411246178024953	7.783838185869655035	1
18.729712475053457155	49.026417024453522231	1
28.676168880561515806	45.298489818503512083	1
58.480825979833284123	5.382684446927372690	1
32.815646622500878493	64.984285446633236916	1
7.585305124481255490	66.411451946066961227	1
11.535687448529566623	17.737029350450900012	1
52.654108924300814465	38.042698886126615321	1
63.122003389517409744	59.356151446833081309	1
12.479158292180777323	6.385113894170258320	1
46.094478564722294323	38.508624486222458927	1
15.099573874164246234	47.343307378558428411	1
52.911284533680330355	13.852299375252318470	1
43.394975210590835957	4.395207513689327605	1
51.283628551146406949	52.472039733303461162	1
59.656552358192485030	7.850072151307116997	1
2.175517290136929738	21.908626609628484516	1
32.883068375920366577	23.169617147678803093	1
57.278257834016947925	42.064585177857601650	1
1.056550191021129903	37.759140370618268889	1
19.732198521455760698	62.543523265796281407	1
47.362801841776551726	22.189166343364028933	1
65.624628438844069933	24.004451898105575225	1
22.510604991590106749	1.693844057400194503	1
4.009150794013972785	43.014806434209177155	1
40.412644985139102971	28.932440101172478109	1
57.304626198575022045	17.788327340534216603	1
39.308469342880648867	40.983464179667933536	1
6.139086744473394752	2.751178227681930544	1
34.373657767126246654	41.772314746812583053	1
53.745489846199575368	9.409501498510447703	1
68.052608268334992658	11.778522955549995288	1
60.820107016764460184	29.094083089266536746	1
14.821194060214947896	11.180903211174245016	1
14.068365607768900105	8.606274133162262530	1
26.105210109326996815	35.875079426743312183	1
14.484588612179615907	41.976624036506528626	1
4.692963022099188919	62.345777435012443846	1
14.769224318909371263	34.821464000696785490	1
38.825572187983354411	56.799241115116323897	1
26.611104920560084253	40.387777780322096532	1
22.074906573513384700	18.650601362248110604	1
29.704242784682769241	54.924522713273738361	1
6.140283043185919887	71.717921946321311566	1
32.871502532946010433	67.697744749305968526	1
65.592534238539798253	33.284990389220311613	1
42.110341542159645201	65.131787684196268629	1
44.177465006809654824	7.437961239180481243	1
56.323344228889801855	0.982403680455001260	1
9.615596810826485097	68.323868454098175107	1
18.015385902382245575	56.722678157665889387	1
26.825216139367213941	32.173208459012244020	1
3.078766793234342547	60.187592988979396580	1
32.658595824395071361	37.042772135556546687	1
65.165034882165755903	2.523661081616310753	1
6.168075655468300056	24.081881915991218079	1
18.378876672703363226	60.135182665296483151	1
47.807346697559090387	19.466979768564982578	1
28.300094614388338954	34.434334764563381270	1
36.665813346648022275	1.708034263814909082	1
43.395325726743458006	48.494170148522982799	1
1.731659642610031913	55.988933669224529410	1
41.761948916889409134	41.933038925376251882	1
11.476934129041012511	70.620743309271489352	1
69.158667407276951167	2.392387205397260352	1
68.259007249880980339	33.412053148532599778	1
10.766271045563717834	50.227641954873156749	1
69.997514424320414150	24.548236348182594924	1
21.339179854014261650	49.314674612363134543	1
49.145120849803049623	6.633964791533263572	1
63.844250638610859028	27.936843752753876657	1
46.702246794663238916	58.462041822667259794	1
33.018100812809009881	44.177434011982612105	1
66.042204451644082042	51.280361485630777452	1
42.782024071126507181	21.504869066267339406	1
18.921067818946042394	54.129029857471422815	1
36.301949486522424593	25.751082424816019056	1
1.133647435630228628	29.060917985163122523	1
20.197818286486118211	8.020705861239060042	1
70.166681647061054150	50.260750511490051906	1
41.448227184479378593	26.393903390522972074	1
59.506719572882701641	16.273174388978791427	1
39.893061823279090561	6.057640568145015614	1
6.522770771330571371	60.392610343694869357	1
65.254976165219147788	71.594967161759214491	1
43.513549132444460099	62.902781354398001668	1
59.382948624318501629	26.717757379655033390	1
17.602736627461652574	23.004562457803011455	1
48.314459020392021671	16.732017152403226845	1
37.070245799565746836	63.508896216468052387	1
56.286579815091592138	21.864469394594319596	1
50.606947761821977849	12.399144875117698916	1
11.631791471997619425	64.523127400836870038	1
24.111776302362603275	71.487937803433339923	1
37.691979811014483914	16.059676846023048569	1
1.252765654163615183	43.432396376034219543	1
0.552304737210517316	8.510410633284610782	1
11.589824162979997624	20.412961637261627601	1
68.757585429728976578	68.606276185016909608	1
58.123222319982531303	28.915019550142297078	1
4.220598930551666683	31.195799067324099241	1
15.691010060617321287	15.508223641667040482	1
68.387116539280867755	57.966831390348708908	1
32.872371210726434754	70.428862312183042604	1
23.872900525813200545	31.535772948886283018	1
67.798555119258622881	9.111217395636144190	1
60.050749522415280524	12.074719497369173382	1
24.808523721159332354	8.368318891102539681	1
20.770941883839974196	38.152271757756821557	1
32.214708214526645236	11.820399466918230402	1
70.693205432007559352	16.628221169731585150	1
37.466482557307500656	60.948610185697738473	1
45.621261387370445561	25.088427218399758090	1
1.372833543070438145	19.235640959827030372	1
61.445992151101513912	65.586915383535441038	1
25.131290536656937462	11.063004377942093015	1
25.232449607501802546	2.186810603112542495	1
10.127734207511759124	55.570573144189609138	1
15.354512336523582050	31.563466750684916917	1
51.887003898741582475	22.953030703934146572	1
61.433718003199089708	31.825093226425632764	1
47.671663602857499598	49.549372450679584290	1
45.902248670741926162	5.354029892587556461	1
12.162509944921874094	23.100887683122454774	1
37.946414289572686585	65.938959622081014800	1
69.081410146104147429	55.468162632871717221	1
65.954473509414015098	18.760027460204518945	1
50.812431065009228348	67.238880547197567239	1
25.818060018136915090	15.418426934362308600	1
48.114274618759644397	43.309173214148934505	1
1.338499073574548115	10.895488418153815857	1
41.527454089649069147	39.426883860742414356	1
64.548637062367987483	14.719177413074381988	1
51.061134967201297741	49.705441786392590586	1
18.080854700094420195	14.112757888945733242	1
25.424627134341914569	67.419176011747296684	1
59.864594535139403320	67.778287741694526858	1
47.403076349873195738	29.895890929954124005	1
55.430030186157665639	62.460057948454135612	1
19.598204586235180358	24.710249587794514525	1
10.434198986914060114	39.810730621381857475	1
37.262127928678054900	6.093602945107620350	1
70.888165197324042310	4.383508378306887998	1
22.382690074558549753	61.973807377303693045	1
24.937014562565664733	47.175469664757493149	1
6.659215293803370628	26.764874241647124364	1
66.259546440247419241	42.165657822219124284	1
9.544321879227393168	11.424497214196682293	1
43.520428315708414857	37.727924546048903665	1
53.427778703375004454	50.765625393710678281	1
60.558240941702138116	34.367087703403072396	1
66.025435575359267659	65.465127819677576326	1
33.950562319149675261	1.206205968730750699	1
67.148795662873894230	4.196286291719380834	1
54.426942745536472046	23.704027742575615179	1
16.559174121668871038	4.969309535574730319	1
45.975376804349281201	0.592829713353812071	1
22.033103784141406578	43.165734400002463644	1
34.550061503404208452	39.008252310552258280	1
33.478297207320729001	30.208651260023412277	1
14.178394764225586755	44.772609031602151219	1
34.485261061016799999	27.707459816184620394	1
68.904167077770878791	27.066830688718443554	1
1.070406383495770219	50.536359019641167833	1
23.390596294590135784	36.087451639356153521	1
3.850523022071098200	37.419031787638623143	1
4.187228131933691699	69.163427556099762228	1
56.930259014901892556	24.562787409376959147	1
8.452135312045284010	36.600955652902278814	1
46.814702974712496086	7.942699012985486640	1
1.720602520138503566	47.852716790598954333	1
8.574145084829744690	14.027476280319543633	1
12.244287937807158073	11.275010731618172244	1
56.927033580819916381	15.116406627135132723	1
43.528471688119537930	51.186378466051962732	1
36.486373065076747935	58.454794728750457011	1
47.354719874002533686	27.211878281340663221	1
62.605208249211706573	68.043335694851421636	1
30.156621053298497515	43.173509661336900933	1
56.481719427748053874	9.806116628552794978	1
22.847601638246928246	66.391792262491378551	1
60.715573917315460051	3.799355616604154662	1
45.733357620804326871	32.003428635897996912	1
24.604489588312443260	19.621075834895119527	1
29.223368463670901463	1.304141496688888680	1
25.919876456862187553	29.710919785806702009	1
71.445006099803975985	68.679544155755706925	1
17.449416736448000620	0.419612909249487187	1
64.524130836856457449	54.148909448229602503	1
43.670470836984669916	16.204762107735419363	1
57.713798876045018460	56.294450901423928713	1
53.747827486889597992	21.003769112923450280	1
13.707151547338177977	13.653065382997212396	1
17.125690837143189071	41.351306134597145103	1
58.612134547924966910	44.843494856345358812	1
39.486829085816061990	1.038845953527721022	1
15.365317941203798568	37.488205313114789874	1
12.652227983643216547	27.860106363253770212	1
36.543732410048690440	13.304666640288690616	1
11.324381017614729927	3.968369368519597540	1
50.558179982656930918	44.577922067033838971	1
52.801634121421017198	40.773381397442484797	1
26.613355457194501241	17.928047597547450920	1
8.856898857547546910	8.846246625516005935	1
49.004081783415422535	69.303884168919765330	1
68.596372865235480276	18.290355680243710168	1
37.771202914846043086	45.001455185944607251	1
2.939056115237837830	45.460153932050658909	1
35.194927578291874681	45.764201184421608559	1
32.043286014112744908	14.577183525173966316	1
9.822061922415535662	6.289362580038356576	1
43.012189705110536408	28.585794929381869167	1
61.620451947601338816	20.278209596532935421	1
8.867141049807287345	24.173790055724104775	1
34.259024964821612969	57.033189357724843660	1
51.485230077953204386	28.006204357890442935	1
23.566063004145760829	55.175945550953954921	1
70.214645401434808036	53.013696816821592961	1
42.803677870565969954	9.743166485147924050	1
29.869928701693190476	13.040933113445001723	1
38.017426796307255188	52.477588258564949797	1
10.370352475489896804	52.895362728384370143	1
3.242865365248752241	66.566359705066759034	1
20.601787946682836861	31.034328589122367248	1
0.633175346622228408	14.682845063806006181	1
53.421347054801827881	66.746315356592390344	1
66.981561349003200689	31.023128075937592030	1
28.949509338075340992	39.055763152338627719	1
47.972413441938250855	55.980616397009242746	1
13.297757313144877855	49.320017417022093298	1
8.060936002257475863	41.100540053595082668	1
45.038127759867919053	35.511401659453262880	1
3.375979664678814718	33.718931800396198639	1
47.603293639496094158	36.189216772920282494	1
61.771250568932764224	42.697619530752426442	1
33.745203492674974655	7.259868569596889643	1
8.707491227585798299	3.625728639231322603	1
22.162461977761289234	40.500686781935030467	1
66.012201943116224356	48.520316156659831108	1
53.424911697815694822	57.443242927697106381	1
64.111923465056179339	63.650644777579167055	1
47.896347429850088417	40.582339794117835652	1
39.985534572131705033	70.092245943042328804	1
44.237504975104165794	53.719672184745085985	1
48.340642012854040388	46.081970968498907837	1
20.010189814465569214	12.227847344799810614	1
42.363450349369244918	35.270968249537716588	1
55.696642301278025400	68.286323749636210323	1
13.353953306604788409	62.018205604860995095	1
61.837807227023276369	6.139034248242828617	1
25.829604216304435482	58.918118463127164830	1
68.495450667705796377	64.208903661529475926	1
27.924751595358973333	49.274837633446956886	1
6.970024385295586988	63.779259792338002910	1
5.338243742098567779	5.398352092889736831	1
16.192715015776151688	20.742693023756551440	1
41.997077510905640452	2.059072588686733152	1
22.654369494793137108	21.396283291753494638	1
3.602185595533820894	17.691834653800693644	1
41.798558365181442298	14.478097216657561219	1
35.520882338785199295	17.725466382383018527	1
36.921070481151730291	68.404489674771582486	1
54.933006975407216999	33.213623959735308233	1
6.277372320740786549	49.453698107452652266	1
67.961872458350427451	22.752619627430679117	1
25.832686082853005161	5.461556400820393620	1
40.233616458030731167	31.639559096583127484	1
7.030247271266126141	43.567225351594764504	1
43.107704182627379907	24.169932820994226574	1
45.339024991985276358	56.137070165796565391	1
51.470750749559869064	7.959754663504192251	1
62.262887212701777173	16.074926862497218139	1
31.831708827938367534	28.106361042944939754	1
44.121440243093452693	40.441014674863254186	1
3.654071035838394987	49.747955455731705854	1
48.676219050170729474	53.354874190755587904	1
5.054113881427364952	21.638105787310390582	1
57.309086510799041037	12.347421492692149059	1
8.738122165036273259	48.570729888808500618	1
7.272740683687458407	46.272601555851380795	1
33.595315468249346225	34.535731165567241874	1
43.434740752596290747	67.549482953377349759	1
52.447536833874856654	54.936149993665324587	1
39.216551935137033524	48.051714542595497903	1
40.057631824054027447	54.345388305136765439	1
70.886394063604583948	41.804515548407152892	1
43.168095811788042226	31.174385431805276880	1
28.205024439887949939	67.396752682560943981	1
55.966497957492471471	44.411147741439236825	1
46.207018137094131305	67.845689297549526486	1
33.427902527708241109	52.529006361839201134	1
10.296810787114724306	42.573670646663430261	1
0.936570121593628735	58.549055558885420680	1
20.212796823683024883	58.147395927223605838	1
64.334360300738012484	5.064103751522932129	1
1.094344638588038876	53.279440518072014754	1
37.484172808383362963	70.959325094887034879	1
15.855548402592873458	60.885602080239245026	1
8.007912159435187860	53.907527729487654256	1
30.324135898086815644	3.769499955242570977	1
45.941465859193144183	12.372233117453236062	1
46.059708328522887655	15.127808017045694555	1
23.799805169655002146	23.907662404659383526	1
8.839268818406168293	17.706487212452433511	1
45.957693894864760864	47.473306163204085806	1
26.815256217870757638	0.019155144008148769	1
66.534435031064788291	28.378651096652848906	1
60.755116852655540072	22.805769297803898610	1
70.323713422965539621	66.262109452872621773	1
65.193573823668756972	61.143742378587170094	1
29.009251487752333531	8.600421252987349163	1
3.782855170344212592	28.552158923351061759	1
43.201107955642847003	18.821859427815471832	1
21.417823747609695317	5.813440805214017182	1
6.921090803968252381	69.060038180195576274	1
48.450088585779496952	32.369470093715456471	1
17.347056507673677572	35.699014129751105884	1
31.628930899208601346	8.998079106513801051	1
35.709251733661233175	51.082175647514738159	1
52.803383337185763935	16.631295518988611803	1
60.965936948722216471	1.076760942810242039	1
59.431072056395848335	54.092236873133082042	1
67.041945167595542898	14.178750079816339280	1
52.600470914696472846	3.615730841010509788	1
62.606608266642616911	40.082006338340143259	1
10.591875560977308979	62.077640708319876239	1
52.603570774447220515	25.579089773982811806	1
39.183926993946037953	13.760904730688480413	1
63.120146202103072142	34.039378387318301122	1
63.350914259887247226	25.265715818832646278	1
20.241174856430621531	46.813270216415489244	1
67.169183400595898092	53.676596522685194657	1
28.092819931236238773	57.452671071339999287	1
48.168305787992721889	24.739303821800348260	1
25.756207254678123775	53.903208894961750275	1
4.159706397371438769	25.885885810761489978	1
11.094152677674010476	13.636740497388581517	1
26.534544325019492561	51.485036289590631498	1
15.239242186959760517	51.258556693897261880	1
68.664532477067055538	43.299976928723552305	1
28.576032655115962910	5.878420963538239619	1
34.048326493316999120	9.913043560502647011	1
41.154719185211973809	49.876262885474503150	1
31.029075473789582418	19.184158005230120381	1
16.585426384515489673	29.126618535218831596	1
63.853331183583854624	56.783326832476141988	1
51.830552635918714088	64.666642929344220647	1
1.947847226333616177	62.576860962638576780	1
17.434819872690329845	11.428530515630288988	1
18.135726267083168040	16.799336501803782795	1
23.244917020966497034	69.016811017644741355	1
1.732327721108982477	24.658110594344485378	1
22.715749246088908109	59.250162397433406625	1
