48.406569121506	0.975000000000	0.147664356784
12.03669835978661	7.64417555272885	0
0.10573106017302	7.19281894507585	0
35.33693738561465	36.59109522589439	0
15.92171203052099	38.25402823467137	0
46.43812716605878	21.40962423381851	0
9.41633704980926	0.27642712628017	0
37.93584731617246	23.19781028523721	0
5.32555719059948	24.10936201136442	0
46.93601146090913	47.32482553260125	0
14.94465933577465	35.90107455404328	0
29.79342231451915	46.72499801703105	0
8.29305796737228	37.51610777886254	0
46.16901503213782	41.54330590031431	0
47.79575926352173	31.50574377442268	0
19.90292853994269	47.97870707078156	0
10.89894469957166	41.99505403227452	0
21.96457103767918	11.87627778025313	0
13.38904255990771	46.96285920592257	0
40.67225801111766	3.03103169354527	0
41.53689034671502	41.30419490715710	0
16.14269907846974	35.22738074820786	0
36.82168998403341	31.87047995821256	0
6.58612306868852	28.17505290074268	0
34.86726254464139	44.41930851214018	0
36.25358487689074	7.28964234578964	0
17.52963359345483	29.37237511944643	0
2.27641818195955	4.39778070018339	0
4.77175401238318	40.55714069680371	0
34.32732574541220	26.65160634467833	0
9.09473816511128	3.00676478160608	0
23.89856299308861	7.16542028412654	0
31.00370109250209	40.51164019157146	0
12.27829084023800	34.21880609572384	0
42.77911586669639	42.32211420546644	0
7.32381850922437	40.62420200003984	0
31.53410664206196	21.25928017359476	0
48.33523982240460	39.34706909301494	0
19.97839476539954	46.66773450080285	0
6.35019757985245	21.82169474617807	0
40.36852633524722	38.98116646534285	0
20.06798516922547	21.87076826513687	0
3.80853445138126	9.16546943118943	0
35.22110508202108	18.62232011486343	0
20.91540096069602	9.10784384787255	0
45.27812770311075	20.84395793297671	0
24.56039013284237	11.33308457582014	0
43.83170805513782	13.53737866181141	0
19.60712083596244	40.48954587402849	0
45.47135808812787	6.55416007000858	0
22.98345853708204	16.69106951951834	0
16.39298094689380	14.14673472717683	0
36.48061966515426	18.89077564443345	0
9.46022220864841	42.12688721920034	0
48.06513104376793	9.46131684798515	0
48.08289772760947	16.84820416741427	0
7.05378969745000	0.90291945778417	0
30.71554034282990	32.04303957513033	0
35.93352677905365	11.64511239146048	0
45.18211926257352	36.53421007483180	0
23.54050384843590	4.81374783018015	0
0.11493305823160	44.64090156125857	0
15.79978000616027	15.36768713301110	0
22.50714682145986	42.89948293538396	0
39.92083024786067	19.68849798946193	0
41.61116518212138	27.77668191197650	0
18.45931691408270	17.79747440416319	0
33.80358447979702	13.51785197787204	0
29.71395806860613	37.71431757095067	0
25.31625727329767	18.37870489112922	0
47.48492237349347	41.73431403845647	0
16.30667556876961	9.84126090314868	0
38.33115961706662	16.42203167490137	0
34.72729427538185	27.89857571229330	0
27.30011012447278	45.88772537759672	0
4.02394240290473	0.73261574773580	0
41.49494491183087	42.62134211175800	0
28.88303824375375	7.54176614111323	0
39.59594975258961	16.03235148543138	0
27.83819432374201	16.97419034682644	0
23.09664950190326	6.08383348177304	0
23.24732207784716	17.98274337551002	0
45.24631496572923	31.03523035375740	0
32.81507009535889	5.88387981838200	0
34.60405788669893	35.51946494708296	0
6.38374569507262	41.54530584310484	0
11.40734599059032	1.52080854155700	0
10.04241319245179	7.21067795533807	0
17.51041505556468	46.05497214447566	0
7.26697383275656	36.58168448764724	0
32.33193048590814	27.01229934686915	0
40.79222324654839	16.84189024435585	0
47.33147344962387	1.89090567961723	0
12.05970040751369	10.69619136605981	0
0.49227277206126	8.43373527343258	0
37.44766888469653	40.15109206439574	0
36.13417729010931	10.38376237359284	0
23.06568314669152	3.59715684308068	0
3.25958594870710	33.99744034252775	0
32.53144755071851	42.84903698394511	0
26.04957634528300	3.00365584237576	0
12.36315418225995	0.64465252016244	0
18.59955346201949	1.71923965483238	0
23.59156650606670	43.61326353022505	0
31.34458147072687	14.03147478230011	0
28.91372492326586	9.97574925286450	0
21.80069167808828	38.57901350601148	0
29.49309396153381	26.55427605377135	0
44.10137918669479	31.68673877149445	0
41.29154731149794	21.71994174345519	0
16.08839176411306	19.88573919321250	0
0.97829684403064	42.23122082717406	0
30.33248956255149	25.52754162507519	0
24.59267052311960	8.66006876735728	0
23.81891180197508	15.69418781090243	0
7.80472637170650	2.92898513274357	0
16.16735425478556	23.71895180104788	0
10.96888762699344	11.40741789843382	0
44.36977029548651	30.09208477674706	0
10.95373212451406	24.05265053884009	0
26.71839875019584	12.96158026203233	0
32.36637354329429	33.51899771380699	0
13.61260626535633	32.33551346751234	0
38.43976438978046	36.38728406582923	0
42.55473127448901	45.96200540593487	0
28.61759138057585	37.02490507318233	0
5.04520518180710	6.89141455783153	0
11.78872789890102	15.54266586268217	0
39.00672317454159	42.00162642386483	0
18.49871620021121	9.71658426073914	0
41.97675501674280	26.05845408939387	0
35.55815173784706	28.92081305664417	0
14.99294556580132	34.57277469745218	0
11.34293841280411	20.08641314179276	0
48.13037306450044	47.88623297911140	0
26.08449477132939	42.81598453686851	0
34.98848752869870	7.74109025433942	0
3.73586099094905	11.73244353229911	0
32.49258176322769	8.41470497621975	0
39.06417460992814	27.33097697284685	0
17.19024318350048	5.31440926277271	0
23.24138133049865	28.17033656285853	0
4.90427407187600	36.00375818976664	0
10.81148722279034	16.39681381100003	0
44.74839720525245	10.56378410785543	0
34.11278200249983	5.81146851385965	0
29.00800121379439	35.79043849068924	0
22.74781983813432	35.21105426762533	0
34.59395501843533	25.05608766416761	0
33.42783089990128	4.68996123199934	0
3.38750524180328	3.74010463928469	0
11.42955918718521	26.89093617396975	0
35.08741440753579	46.97161414278687	0
26.33909895838266	14.20427240073422	0
35.53517921945445	39.14736544024638	0
35.50443688523856	15.37910112855610	0
46.63840200335567	42.73512453490444	0
30.92694930874008	46.07325186458775	0
10.89268037153921	8.26862191727859	0
39.30441596603077	5.34595831759529	0
29.71025436996827	40.16862171651263	0
27.70510579899016	0.67017265977174	0
36.72842733482906	23.73400766061563	0
33.11195794332462	10.33314148134453	0
30.71464870326040	2.20469976230472	0
45.57762592235845	22.38047251708981	0
36.63713231938234	14.70578606347392	0
28.15910570918117	31.55084532915907	0
21.68791597690116	39.88541491945467	0
31.25558544382043	17.14220675099373	0
26.11592668308914	16.78287717096545	0
1.15261477239813	26.95278548653892	0
13.15438293795738	17.57210965908432	0
16.16021667584675	33.95363270458482	0
14.01872262548562	9.19100830677083	0
7.43037634402749	8.42272594170935	0
37.78135169194481	24.51674518690774	0
36.68655223892542	21.11062792654627	0
11.37388628995420	36.84255271823445	0
34.31186241261970	45.67178739086647	0
1.55991279583329	25.67526094309206	0
25.01955590470121	42.06083447439178	0
42.08809200891463	10.83175495815023	0
28.55213570536894	6.26755009026956	0
2.80560857961861	1.33362140772508	0
11.14601317238564	22.76113867421809	0
44.05732086108765	42.00081703835894	0
6.24989427626927	38.93178001368019	0
4.05093903315069	32.97098639886713	0
30.11968824411445	17.83843771454480	0
17.52434598437105	11.87664000655914	0
43.39729788187024	10.69876921997433	0
28.53789008508786	46.30754280203762	0
14.74864334626455	28.78780436312629	0
37.72192220025335	21.89823229607273	0
21.44795918770027	14.69782374369706	0
23.69953529871375	42.28570003521570	0
3.66519143002695	41.28502571245522	0
31.15419487562347	44.76839667693057	0
29.13954516389856	16.95320570120859	0
1.78164778720467	8.69510005169924	0
32.48654677879406	3.76274404796912	0
16.08201717411331	45.95812458426898	0
22.98550358552498	39.74820410808337	0
42.70826693200377	37.30083415478532	0
43.57444458132072	34.59420176321983	0
10.51251936945337	27.86238646816194	0
11.84972408110193	29.87654809746023	0
2.82421216180689	19.02715406332922	0
12.67132346949873	45.86534128812945	0
38.63800339975975	45.92856840604154	0
35.90328835657075	24.77063320707677	0
41.53710838003379	46.80311162097441	0
25.54012690621976	40.04853301446146	0
30.26869578908755	16.30951221387419	0
9.93000692339787	30.23336318586164	0
10.55920132788112	15.08106281519992	0
26.28555429444219	11.70916080006614	0
4.63227466452301	5.66054332464615	0
6.05346710045208	40.24226459482905	0
19.30571544859114	15.51348811267013	0
19.66042206412092	41.77268976860067	0
46.93374517933133	14.59821247993958	0
30.22223883155390	4.26090499321048	0
23.90783913547524	31.22726394363741	0
7.61722944392554	22.11877068159067	0
27.79074535832802	28.87501595943905	0
28.15036473353452	1.91440216294192	0
33.56275595830552	44.56179793244051	0
37.15984921551065	43.25070926656607	0
40.15008850983674	21.02036494922263	0
20.08203383610667	32.41288776716527	0
4.00531197330093	36.97776591882209	0
47.57720074456390	8.18149532627861	0
32.40516161902098	14.82182254265132	0
14.44104557039581	17.40009313734340	0
37.64224212607169	35.35018106468938	0
36.39056947361023	47.07511316745286	0
23.18987274087109	32.31571539552355	0
37.98127868499742	5.29956942425664	0
7.88967034054932	24.30145514619363	0
15.05188514597278	25.69883311774029	0
44.71268066799501	23.39398839625572	0
30.96263649096835	37.40214780049629	0
21.95028471541909	34.13954822863919	0
45.51302061488867	32.31101445846760	0
28.72768717757587	12.55699529411851	0
45.11893453891031	13.34800855839170	0
2.71998788715236	32.77836597563726	0
10.08580921650531	1.39461356231965	0
33.91362996083112	22.47211304567327	0
37.74637586099465	27.29331873494503	0
25.06185993504907	34.12153094303142	0
23.08173276975653	38.43513633758950	0
24.88798904411894	43.38568430461277	0
9.40305398127311	34.51631833984477	0
20.59428406479761	15.73847827435063	0
28.64162652288556	11.24275763268738	0
36.07044258486155	17.64078384368879	0
35.12696570053858	30.16317351021965	0
5.72026922212935	46.52462010621783	0
40.36572065951188	41.99056390824286	0
2.69602934546116	36.99769221987596	0
42.73796090146768	47.28817051864792	0
14.24514136516424	2.83420110434251	0
27.56730512325098	11.99282200044378	0
46.56624112441805	20.11471407781551	0
34.43950614745546	48.32195505233827	0
26.25353402482391	21.34321453403593	0
15.02307438373943	10.00194986950322	0
47.13478429222941	38.73864218539298	0
38.29457878328502	37.69277966967093	0
11.47787158044923	6.47479442080476	0
20.85314029993400	40.88541092928348	0
16.31037225544857	29.93820917063594	0
2.42160921969788	11.57061758979980	0
25.87050463161358	35.17055317656155	0
43.51431660933743	23.91836205544956	0
24.48552426760126	9.98303534062308	0
30.57629591941093	28.90668828019369	0
21.04612467655245	22.74820772837993	0
43.82874096514144	14.86344252565991	0
47.64369962424765	3.17676254768388	0
32.24923490691402	17.95346326895259	0
0.93819469670542	9.67821780569539	0
20.88124789192629	7.81156398812157	0
47.09855038299057	12.21091221582573	0
30.21334942600802	7.61233473005796	0
29.49960512621564	8.73038419420722	0
31.38431382523782	12.71163024147366	0
15.04363464032000	24.37893514851553	0
36.26131522665882	5.64997553370561	0
37.89846556131780	15.17409839048021	0
4.01384812514940	23.83878431349447	0
13.41868572033695	40.13909523624197	0
30.22368770113109	21.10669870206087	0
20.74206770964028	28.15405004315179	0
14.97390527937725	30.06406056834892	0
12.84053700138127	16.30280070809888	0
5.57344780500347	2.76851489326705	0
45.82357301472582	33.59188547836683	0
48.10724052295397	23.09038776051219	0
5.48846277916749	19.20907887052501	0
9.29709036740420	44.59873032528419	0
43.44264882715414	44.99109410598481	0
38.89463246642241	30.22557727344668	0
30.12567454056811	24.22304832819974	0
32.50426703990082	13.42474270045371	0
13.58782406925639	28.17799624092532	0
18.91806475202590	19.00366038424355	0
46.48345564988954	31.42155755802508	0
35.70438569490284	48.17476315770904	0
3.51225719337800	22.37464644099868	0
31.22643594513392	3.41123252228750	0
20.80764291956642	24.04328440102738	0
37.28140890539451	6.46174347103836	0
17.36676964755901	13.20075946333157	0
22.83354864418369	47.71616019822881	0
13.50846033478263	33.63680368351599	0
19.71662861959217	36.19523319043260	0
36.49595631799267	22.42608628309294	0
30.21474562551764	36.31927758261843	0
15.89087552230420	5.44033328631756	0
18.82149994453027	42.75301196591559	0
44.75250923573873	45.05401957448240	0
39.61562880132886	37.89428212448982	0
29.98970791996766	19.17431908468782	0
22.77700355905195	0.61056640002332	0
27.25076358057929	25.38836644634249	0
41.26723667269939	48.08729129709790	0
31.00313902282871	20.02612412834893	0
35.47678064710898	26.02173789164280	0
18.53378550993152	23.16629754114100	0
2.97935602062727	8.16018780223706	0
2.68929787089664	20.30777626097169	0
37.24911819552164	19.92112166576203	0
30.28423456766782	47.94366416468863	0
36.13698440071582	44.06293493061173	0
42.69493429912551	21.15380630304756	0
31.55688745470006	41.71860782839105	0
30.51191348107053	15.03221685462470	0
9.31392587913205	15.45089287082838	0
42.01725045392636	17.36375212904634	0
12.36982195868685	47.75772532829217	0
18.35865296132929	44.01697592054831	0
32.31912330396327	44.12998192212527	0
10.31464122202879	5.90502823946174	0
36.42655748133738	12.82468130193093	0
37.96386359637957	31.13612418256672	0
29.07018353939135	21.82711689869775	0
37.36898664505901	46.24431979870436	0
47.42488098616865	29.04414442628527	0
39.71287065798919	43.09678973226112	0
4.05875694405942	38.29216803164019	0
38.44883010336176	43.36092910572985	0
35.23487660087455	6.45483427735902	0
45.41076378361812	19.51558532459893	0
0.38820817780473	29.08136145286941	0
5.64155175085271	8.41583070027492	0
4.36552223942308	7.99944940164240	0
5.91774309750222	5.38848380624974	0
26.23131813519950	6.06767146021193	0
9.43897160771364	29.00903805723010	0
9.20549780721396	10.27177246112338	0
12.04418632717925	35.52837645460703	0
38.58081705858789	6.44744393291596	0
46.44129968259077	13.37881144418743	0
12.40866548540618	32.89765261074869	0
8.28253239288554	19.56529334989895	0
48.21554581869598	38.06197484143097	0
9.01844153381259	5.75906723966756	0
22.12665096515058	22.05608749974507	0
14.16275234732906	31.13083434972755	0
5.02676464454645	9.60791957935745	0
40.81492973545527	43.76345221534904	0
44.39682104877239	16.05645664223134	0
29.48123336803710	31.45258476022821	0
2.44330952781975	21.61259935949225	0
24.19474836122319	39.16732689035479	0
23.41939038952246	9.18786758714605	0
25.42472374735913	47.58736638837654	0
12.06116381563213	3.40206488330324	0
17.31330128632297	2.19567113127515	0
39.90761596966887	6.49819461587794	0
48.23926082720195	18.14280542369332	0
13.22061789668797	13.70619638701449	0
18.32554875872796	3.00818883141575	0
19.47061741031144	28.50014072067693	0
47.17154102724502	30.32797633651096	0
9.80021538449494	22.81482448260687	0
11.88254831299133	17.18044919159142	0
10.09280726112063	45.63363317928405	0
27.93107838100739	32.86633728614808	0
18.93118819492031	0.43483719907476	0
35.56100545160187	31.41390185171908	0
5.39738215262652	16.63515919870112	0
21.76403753819741	1.45973885355762	0
27.49582241504892	20.92661469861516	0
22.47024017747168	13.72045610961537	0
38.73928301514771	19.02439245720353	0
8.10517578535666	9.54578153953696	0
10.77995857611780	12.70720979766423	0
0.89342126458013	17.33136288477160	0
47.24453821492880	44.83080312138344	0
3.93580160420470	19.78785532121013	0
41.87673552766400	3.56451380649963	0
8.74745520962645	45.79146887712100	0
8.49272194664569	23.10101873823904	0
11.03132113547889	30.91644123597149	0
18.25853922698071	6.10730526715554	0
4.29151594409969	27.04547778783840	0
42.98023341462908	6.50025385571110	0
8.76621827640675	43.35736542708474	0
40.52261351581841	25.03145317378834	0
31.16692752593213	18.65708116636499	0
34.79138219754801	34.24545625529093	0
46.78493479492899	32.68889666047220	0
14.05719129845865	23.52730997121803	0
2.08871281095607	31.57988239434686	0
34.84119595970029	12.36647471963095	0
2.25608811500570	5.69967492489852	0
43.26301429051056	3.65087463817877	0
36.86908893356367	28.77181942382167	0
39.18724346960427	7.57295141561046	0
6.99899420521087	37.84673141034687	0
15.57181687589508	16.71218906158537	0
6.65482621782611	17.08962697410136	0
26.83535345957640	1.94925262875491	0
10.73420948197258	29.18294277967779	0
22.15065419472458	9.46393684878087	0
9.56089304959078	16.74331299081509	0
45.46869439669650	9.46476082423990	0
18.58632617244213	11.06912956497040	0
20.45972946135821	29.41705402201501	0
18.72414188533619	21.87268652528544	0
16.38364578583606	11.17459315656831	0
14.00332092286236	45.81517331921314	0
1.39819570482350	32.65129563245366	0
18.45523966669835	16.49049552836538	0
40.17874811647280	29.98685117767566	0
31.53605566317998	15.83966586995850	0
44.83788460326019	28.32726539864996	0
7.43197491814125	27.16033326935606	0
44.44625672312026	18.64887667828941	0
19.13158575761081	34.98584392574786	0
12.97546092604906	14.98160781962051	0
45.30597429323000	42.53329920734416	0
4.96602792533207	39.25016934223206	0
31.65636715470265	34.58123520924860	0
26.89564502078686	27.92124853288777	0
21.49553106387165	43.89636923149829	0
47.08428380001322	33.97932173225418	0
43.87071974766970	47.94311685595856	0
6.61076711395929	12.14921825736281	0
42.38255700402556	9.55663610062966	0
44.07220804250115	39.39635665185279	0
38.01508271405744	32.42971856984872	0
46.01263626090701	23.61126285495200	0
3.50575175943525	28.12584534629626	0
3.44225925412577	5.07042607587904	0
18.31995259865153	7.43312176758026	0
21.49305556288479	10.61356764264934	0
22.72159385497743	15.00308594025608	0
46.78760164842258	9.30363980245058	0
25.65846804288807	10.56937046831991	0
21.28304577777138	46.85170604447246	0
22.52286931962510	46.44155604828419	0
20.14611939832044	14.48569652966262	0
21.87084671710096	15.97619627422476	0
41.59229246338922	39.98488960707443	0
31.04608432831823	33.36398771506964	0
27.43249783048930	5.55205980032134	0
46.88390785651477	22.64537623589541	0
5.64791654758931	17.91016160538245	0
34.62780736130948	41.54079832272105	0
11.98018378493487	21.72377354346883	0
11.28924447256777	32.22387137317842	0
12.14201619623639	39.78250530411662	0
16.16187270742871	21.20745124238781	0
14.37953120578717	1.51919686121243	0
45.78212855686572	12.22874391647681	0
9.11340414241757	33.26106935957772	0
6.74572058914521	2.18070569141691	0
4.02052648960711	10.46064406197863	0
35.89176745570447	20.06637834052550	0
33.45223306800987	27.66576244235404	0
31.56010173785029	25.96356247902450	0
27.52949502472459	19.58244335130811	0
19.02117813595579	31.58469669898323	0
15.09358315234342	11.28884222953794	0
31.16551779706141	8.54203354771843	0
37.00431857238809	48.21250769629969	0
3.70932993511671	21.10170076248815	0
38.61374580065198	40.75153739462801	0
1.28411293815263	10.91225406055462	0
31.99357570261946	9.61763463162803	0
23.41026664896713	26.87266638744084	0
0.72710941215804	31.51252856607603	0
44.21900711561553	2.33831313063361	0
2.72787352079264	38.32631213041360	0
35.71445340594255	37.83610418453627	0
17.44728650339395	10.45474145140402	0
27.40485624403031	24.08093511900607	0
6.33621992755929	29.44385541099090	0
16.18597696767188	25.04477315070767	0
38.94627743363671	35.14531978057600	0
48.11596399268799	0.80558272484999	0
14.41207139684471	5.36918988118152	0
20.67041868826613	11.65729880331634	0
0.05081591378160	30.36097671253257	0
19.82004134817725	23.16618640873772	0
8.23910618029062	4.17521398300291	0
46.42514080995478	3.65459974836320	0
37.29568238595773	33.81122144128945	1
20.87978084653480	45.36171699112884	1
30.80928246949421	27.33906350514610	1
44.66343381996133	0.84985508670617	1
1.56965005477562	30.14369595885110	1
1.45109579661186	43.69199216811394	1
13.00630240962143	26.73912465973464	1
40.78715225325891	23.19153493904456	1
17.39353170106406	0.65274593381495	1
16.26723527228670	28.37693701377686	1
5.47460704568886	37.51597930841138	1
0.68195056214983	5.73635781219344	1
48.15369687246638	27.65304624819870	1
36.31666475564734	1.20032684181614	1
21.19791108491678	20.73651664438595	1
44.10368161212494	21.92077811002209	1
28.75151309993801	38.93704294331787	1
47.62742883135602	4.73424155953236	1
45.90265331399687	44.05887044533094	1
3.29626698668826	29.65079785766960	1
44.22130169969425	7.44468999360177	1
2.45726460428391	23.45655863225126	1
18.73837556092425	33.16275701895511	1
19.00883765346433	29.98877315630221	1
14.95154715049531	47.06901815533113	1
40.69597705451902	4.63612270258415	1
20.18096922852318	1.40964836104931	1
11.55919470881061	4.88314641761603	1
44.90013863793816	40.69063506006509	1
28.98264018920705	15.38762136648731	1
14.09499935967428	12.44644643905080	1
15.48080959664013	8.49810059099766	1
42.92943812234084	30.65564604028577	1
15.19802146074418	4.04067582018289	1
9.62973911706879	39.01618286784761	1
44.21453167674099	5.55423888201296	1
43.03863084060956	40.70879285106600	1
12.53624229763012	31.27396021584643	1
10.50606395182849	35.55654233556135	1
11.47041581361060	44.83446130211080	1
37.73236391587865	13.61125988346440	1
39.09060011044379	33.54484709635951	1
27.92427487561343	8.80368734822224	1
3.00901917350659	25.09052455725412	1
39.31338364652696	14.48436264415438	1
1.36479534011791	45.49844179456320	1
17.45088520843227	38.00573815537006	1
39.98704249720699	36.39227926533728	1
7.84682726410429	42.11760229298101	1
35.69926211249027	2.87752958902600	1
8.90892683206276	40.65791700874647	1
9.78042166684075	31.86909846413255	1
6.30748239561761	33.49183284572614	1
29.49596561694590	33.00936993569042	1
44.13708388643889	43.57478763056233	1
41.65283336415972	29.38371634510455	1
22.99915237633986	20.77963223792946	1
45.39693358694246	47.58594300850589	1
14.59079510308444	37.45843827810299	1
10.63373427664152	2.85391143306275	1
13.49460254770223	22.08137561097958	1
16.66732569655704	39.62399509624337	1
40.50261260324835	26.61536470284012	1
27.01587178851641	47.41582742218520	1
2.79970051662878	48.19498101590116	1
1.26138675635379	18.84997824694681	1
22.49889785770834	7.91904729313587	1
26.16199451901409	44.34990647769539	1
32.13740500388033	28.54618455756570	1
29.34428800893283	2.96350705904560	1
8.49362423073442	1.52843369201432	1
12.04702111290966	28.32690485117003	1
37.63543118008509	17.87354595414740	1
5.21091773465598	20.74536404613585	1
31.04250814768777	43.20771918945864	1
44.80707768630570	3.76890228471192	1
45.40275504567420	14.87111070231589	1
34.33524606651039	19.88887052063044	1
4.71304866625655	25.51617538052639	1
17.12598355615796	22.47729713647951	1
30.45392493331159	22.65732037055441	1
7.48047988022633	5.56090221972363	1
6.34579561970861	35.33145882027895	1
36.92518064520368	36.80578437211661	1
26.44852645917770	41.30825763992531	1
41.20361493424225	31.16742779344604	1
45.60729456704777	38.99512256480295	1
3.10462201044204	42.77620179990071	1
35.16398611810248	21.51423049184023	1
1.53544470927999	35.90689051389984	1
17.63662617380713	20.72148559179286	1
41.05382605735223	1.45107653956321	1
8.04878229849472	16.42211048347385	1
9.37868693485123	8.66684683364219	1
8.97160024547908	27.50990501853953	1
27.06904005816609	39.61169198033082	1
12.30502096609891	12.25940901655841	1
2.47173192249117	17.51172038515115	1
0.34149704446977	40.82821454469065	1
8.44919538678345	30.68320408102203	1
34.78685772834474	16.73729461807691	1
40.83295449902116	9.85622192534831	1
13.61582258108477	25.04158046544590	1
2.13253181617148	41.18204496054680	1
21.19287574779861	35.54802981255938	1
36.77163469385935	16.26830905387538	1
47.96518484074831	21.48957293404987	1
6.37843191935167	13.71187127053088	1
6.46777797071095	15.52673125573333	1
16.36735901439263	41.36044867984580	1
42.67289162868487	2.22670501140453	1
38.12677521274468	0.86071002405097	1
19.71726811835529	6.71579886596605	1
33.75170782988212	18.18572968060127	1
9.79087869389795	4.42334538311550	1
17.57563935165764	24.36301872170376	1
23.21223336314031	2.07763406640572	1
24.74324184799403	27.67347720972905	1
40.81365435110065	32.91675546370330	1
12.90881611655448	36.83898633062936	1
41.45704292976480	20.18071639238124	1
15.24990640733828	22.46839210280576	1
42.48481845324811	7.99367536996820	1
25.62719276979060	38.50883460909186	1
41.21445976035797	37.69975482682770	1
7.75434184294663	44.53554727384051	1
48.02986845500540	13.48230548571458	1
33.98974223061113	31.22766168880552	1
47.09848125453416	6.52872114767138	1
32.49227485574943	19.49878201742158	1
24.97589353239843	1.89731061799530	1
0.00455877425595	25.87356751633314	1
35.95293219519761	40.66906589191480	1
27.29109724250026	37.80340098858823	1
21.61167259008273	2.98523864150809	1
8.71823151479006	21.06474293392175	1
42.65484599546082	18.86108771880803	1
14.97138484586164	33.00914663892269	1
23.07979020763652	10.71791902878304	1
15.74250581016720	31.40231844344483	1
1.18205702652676	20.63904960312694	1
39.19214702799933	9.08490601775887	1
15.57676687704424	0.44914627124012	1
4.42743381508252	45.68459066652581	1
4.94796955318594	42.12341298497589	1
21.51806482518433	6.40762895297135	1
34.02946767612818	9.02413906828395	1
3.87965487186566	16.39584625154367	1
21.00570007379768	13.17338233939135	1
44.21888600844739	37.82738422259990	1
32.46937250283216	30.26713224308342	1
37.54722661985323	11.72785616123146	1
46.60621576394468	26.09068562144219	1
13.28301987821609	44.42246080066657	1
44.05341153049987	46.41583668240661	1
6.69636686731329	30.95616488724253	1
35.20669633014471	23.36168169279378	1
0.80580042111952	24.24367111816759	1
34.20844370882856	38.25525923738141	1
35.68462316558556	32.97174560889825	1
38.63136499178965	20.59496483254075	1
9.44074090733224	24.37362814609844	1
26.11680650647288	9.07083095855942	1
15.09342151331427	44.71401360977178	1
6.67842902288714	23.34612244195467	1
1.07589965757234	22.40990275678087	1
23.51276644791023	33.84769517679382	1
1.18118007701705	47.28299676579135	1
13.96913616131262	18.94457559617131	1
18.49597599883254	39.43699933283457	1
25.85250403265553	29.05909881764135	1
37.43641111307449	41.73747823352909	1
7.79755887066498	32.41391126772810	1
29.63404656530420	45.15484812914758	1
10.46377569443889	21.36727842095904	1
42.36237223858480	43.89862555192052	1
28.95157586059948	29.96297389707169	1
8.67530496663997	35.92000612983311	1
11.67836776352827	13.98358192641185	1
25.44804610092726	22.78782819286875	1
27.93936823347497	44.49725358164605	1
16.90419202973722	44.61878393535373	1
39.36913324559340	2.15899556009612	1
48.06081101571264	19.69173089964191	1
48.23458959913550	36.54447150705107	1
13.37646558041057	4.19761171605977	1
27.94595477979118	13.91162396303880	1
26.84246114536433	18.16671952959467	1
19.88354194919830	17.15066997952673	1
6.40768189814032	43.21895780515179	1
17.36757446080579	18.94627462260220	1
27.56734816109426	3.36724613366670	1
22.32432631626373	23.67849741994846	1
27.29106870536081	7.16594050525449	1
23.64167145629105	22.44564420170625	1
8.01221205219024	48.05977577254775	1
5.00138836270623	30.26775850846451	1
33.48902308940704	23.95669112682127	1
7.01538048218165	18.62575163890226	1
43.06462005540188	27.18655306255024	1
19.17860311230326	37.70987141866427	1
16.85652082626556	6.86831764013393	1
46.69841219953255	16.15281412293860	1
1.34664930873611	14.16518195317530	1
14.29887573452810	15.83238332915844	1
17.01450476702702	32.69075241663170	1
30.13158860010047	34.71817272482966	1
15.06531561622226	6.75704345468940	1
32.92717985465197	16.54786710997706	1
20.46730015502812	18.92943305727158	1
17.33385234955914	8.65538955794580	1
11.34573608306379	38.41578531142102	1
0.80683012838187	3.94124855182416	1
30.72654959642061	38.95181812991692	1
24.16973981110722	40.76256637773191	1
33.54079116381329	36.60666251662186	1
13.79828182998164	0.07085539991791	1
41.81775430358324	35.96093094796223	1
26.61672212456412	32.03457138935752	1
10.73508565465438	40.44962716786510	1
24.21851782717121	37.40656090245858	1
25.89844317657214	24.58366118390662	1
32.28079964597404	32.00752657179615	1
20.32404675508308	39.10648904533237	1
12.39674356595768	41.34052064099632	1
21.63982985313118	32.58065935545211	1
9.56768456331641	47.12666678901478	1
41.14801709923021	45.28621295769733	1
42.51085494578109	22.72285635580057	1
33.95909935456095	15.07714771781205	1
6.64586317000772	3.94957640885470	1
12.47257199382154	23.60786886087777	1
39.14956323778074	10.84676041519441	1
5.88191687472441	26.83257592261694	1
37.58749545623819	9.87371517497299	1
7.88165341111168	34.28982808981884	1
12.02761739460869	43.10792930050224	1
3.47266589614824	6.68316142423256	1
18.08571183824307	36.26788419013628	1
24.09552133318766	19.33071761897558	1
14.79524217191324	14.11184103882810	1
32.98928473088508	0.43791206599727	1
40.12655803122937	40.49030404293919	1
45.35733048746908	17.33088180049466	1
9.63547383897012	13.78368649603658	1
33.91666035772963	3.18006299376905	1
24.53689217184211	17.06142006690048	1
28.75386492306662	4.72232058680581	1
25.46992439164195	7.40096984254200	1
31.56682458893569	5.00850758534422	1
36.09597006222616	35.15840542907727	1
6.55711687855741	9.74024712349172	1
25.77397952701553	46.09665734121489	1
46.76090683631043	35.51430651490220	1
12.87229960120719	20.40435810861908	1
14.60660118230621	41.13525632185924	1
2.84789132657638	46.45009968659810	1
28.79800939295405	25.15419947936567	1
39.78788074505865	0.16257880623836	1
12.98779094113426	6.01657617104984	1
37.04087537033379	25.86240137457840	1
27.63912980934994	42.67634636473316	1
12.43745198735376	9.17208641049639	1
10.76116497087790	33.70624252107526	1
39.38728811803536	17.57745434541427	1
5.50134462980873	1.20588031472904	1
32.23344429878777	22.69247940271404	1
35.07998083730142	4.59701314493497	1
48.05646792770494	46.20612304049862	1
32.44419093915681	45.67763932703747	1
18.98136818795008	45.46010331282711	1
15.50022586843224	42.95621772373838	1
7.83236964033539	39.14876311666676	1
36.04527605668888	8.85600284213464	1
4.15268084490530	18.22148286172082	1
43.91386369902002	9.21358352434879	1
48.14756514923322	11.04788291376166	1
44.23218800505177	12.03076676920693	1
24.07107513014232	46.74172263160199	1
1.55966829469429	39.45748307517700	1
46.99390892507091	40.25044648406392	1
38.77773402314404	39.21017060713964	1
17.36661116861267	15.37073947098621	1
24.75072213598749	21.05684162998051	1
1.71442131264112	7.17767356020151	1
42.63072945144657	15.91114853988784	1
27.26012472859371	22.50593916843840	1
39.45761039481388	44.62246701877124	1
6.99620898744761	20.42848570558653	1
1.06857302765073	12.41231887394242	1
46.33563353899805	10.78942929320031	1
19.91421585357623	43.85349787341971	1
47.32964523445636	24.42826209271703	1
35.91080931912010	45.60078293222012	1
16.70858539681650	47.40282819952305	1
19.30893622977646	12.44002028032718	1
28.91265078845134	20.27316533526857	1
42.42335092340820	14.15679149133489	1
22.01909715257770	4.72324883474301	1
46.11038704874553	45.91722894955170	1
39.23674196995753	22.28607735709700	1
10.53894223003774	17.96095462646544	1
2.18574385379380	2.75626140533607	1
45.07193173138210	34.94903147783796	1
9.47495561365095	11.82447817434586	1
45.21425848605359	24.92689947121049	1
12.89109980552043	2.09225658419843	1
45.98336481159442	7.99367143275317	1
40.45631211909141	34.69536511832427	1
4.76158364885320	34.41188106753020	1
30.09583602897488	11.80237766483005	1
22.43461964788401	41.28039483183625	1
40.90792371359871	18.46178798773967	1
13.43086109703228	29.71206629791677	1
40.67778434965290	8.04525794902269	1
6.56617219989257	7.12024012774896	1
25.34952592443523	15.40837180273189	1
8.27109692306589	25.82134815194054	1
10.10087097460758	26.06918923279447	1
42.61632907090221	32.41741930231710	1
29.49175360024218	1.12715395748776	1
24.71782491113336	5.76584256402329	1
13.60548743157906	10.70269862330767	1
22.65845660490285	44.89944600608757	1
37.54078097804927	2.55394323199531	1
22.57542573562720	36.76398702758398	1
18.03069740886908	27.86210620953616	1
23.87975714344345	29.62444837790483	1
39.25989673846022	24.08180711313106	1
22.24729564428542	19.19087452197540	1
27.15873744447281	15.56811742147854	1
9.87123448221140	37.26061782007783	1
36.17334647658195	27.41491991089455	1
43.66714067049948	36.11030641710948	1
21.90169122215239	27.14773334420664	1
16.26275888182525	36.72956716380622	1
20.95634307621062	25.59302718975790	1
33.08813525964910	41.42805973192488	1
24.82600723905402	32.54243685183530	1
30.45880536949719	9.96858322045480	1
26.61863794108990	33.81886351586118	1
8.39295875153316	7.17101899994412	1
42.13458260019989	34.14859081873531	1
14.82215638737553	39.34618969142687	1
4.04394041789673	2.32690949432940	1
14.68831348880789	20.65607648825699	1
34.50189445113001	1.47386141785302	1
24.26888138720309	0.20951072511702	1
31.76424908865944	47.40782946383381	1
28.62344069231377	18.42908344161568	1
43.58701468456815	17.37459617739767	1
43.38866157636939	28.91115507352090	1
25.83343789034882	36.70755540097707	1
20.27809919822223	5.00838968744709	1
11.30729099572265	46.63189967967662	1
10.93278848626671	0.00775935653127	1
42.63286238370948	38.85084762548820	1
25.18522705809882	12.80373798823728	1
6.05936547832219	45.00087984677742	1
22.39796358719533	30.89397253180036	1
17.59059037442288	34.54336513568840	1
34.62174011618872	10.76331264962656	1
46.52819445562748	37.32231621279608	1
19.75219619395137	26.94768253722821	1
37.60713399298334	44.72240716061842	1
42.44666415170866	12.35896934018329	1
18.51007562082508	47.28403594902473	1
3.03312002994920	14.82528082427666	1
34.22446765502269	40.03336489267691	1
13.56122012198484	35.17677721348666	1
29.81162929314440	13.65113246694472	1
5.39087365849360	11.18985239783023	1
1.73287715223778	34.13889929468736	1
38.35054580327884	47.46188980789061	1
4.72451302269053	12.94210010512039	1
29.29077642091488	43.36144831298201	1
26.19607036275703	4.54812426173850	1
5.01668090374078	22.58381102498501	1
18.19800856862761	26.05145704795428	1
7.87933522676608	28.98826640578304	1
38.77894405296919	3.88886127164732	1
33.31823409294948	12.04159358419166	1
1.29407908969530	37.68250310579756	1
45.93683056060398	5.12176970250463	1
43.51115015275710	25.47643115549045	1
1.84128855411532	28.38089145316217	1
24.11699721347335	24.14047089723808	1
40.16575977035872	28.41312653390851	1
28.33365906340380	34.38149428080357	1
20.36831092646039	33.95548296977118	1
19.93847396026717	10.30103140126590	1
12.14596585303083	18.75087964925244	1
27.43832700689053	35.93874582129008	1
32.35417255792595	2.19285818550473	1
13.16501150908485	38.60233787330689	1
35.80022059439364	42.52873282033216	1
27.96827373888625	26.79515968626565	1
19.46142692483272	8.51003586234967	1
24.02768359518830	14.15890142952873	1
39.20655062818835	12.62917957651382	1
22.76815208550464	25.44232768078262	1
17.04245083981122	17.15462167494392	1
26.13305185461859	0.55949453928263	1
7.29009311382010	46.37762448715252	1
24.55796284621973	25.84988062901757	1
40.95694167369458	15.26548985868272	1
42.50188857392374	4.99232441248759	1
39.44216537269853	31.70889054401818	1
5.29470508449102	32.05174915276708	1
37.67612089866084	8.00842380107805	1
41.43440335109719	6.41395300107245	1
33.52177711044113	7.26053703280739	1
48.31121105783434	32.97810172052349	1
15.75418967855340	2.28979989257608	1
19.37033569369929	24.67497266932976	1
16.48578081889261	26.57708503166397	1
24.43941855067769	44.92141688019763	1
18.18257437706895	41.24418962124108	1
30.08827336420133	6.03376323615658	1
0.04457542581264	34.77353679807968	1
2.53338154171310	10.02408326103263	1
37.03909350694337	38.64969168983936	1
28.30553017398417	40.95065379613663	1
15.67152278275231	18.35197687261929	1
33.22659502981340	34.80575513023700	1
34.06933347201228	43.04786616309099	1
31.69102879073599	24.41627751013073	1
46.34731067653362	27.85875168722861	1
6.23153671094416	47.96967444773314	1
8.00410984455277	14.61882766402788	1
31.24467801187863	0.74910506580045	1
25.99127675775958	19.78222408600756	1
38.84557997796914	25.80705391104416	1
1.28151515293664	0.67514098003059	1
20.88829149472200	37.32451049800127	1
45.81012959653560	2.22780127019720	1
4.86333769276785	4.14486061936245	1
42.62343324638958	0.45203677236913	1
8.74708826752182	18.09053263188267	1
24.31247683035949	35.55440047601691	1
11.80675628131266	25.35463202529456	1
21.37665095609237	48.37972514703252	1
3.61163510747476	31.44461821752412	1
33.54060508212832	47.07260420911101	1
31.77863552180231	11.17780496931852	1
29.97446625995096	41.70654106313032	1
38.39952943372613	28.75667657245930	1
9.84590792440251	19.62417821475487	1
28.81147238832583	23.36973079770934	1
30.69836290330696	30.46890134165546	1
4.47145194313255	47.52985550269122	1
19.84677609154579	3.22606925863299	1
16.94540972490568	3.73732419731043	1
21.64977406814443	17.51137229566761	1
0.44504101465894	2.21015745674115	1
32.38843513997107	37.98474611178110	1
3.39910684139207	39.74487583333184	1
10.73358789329691	9.85639668069668	1
35.30870595392598	13.85761578671992	1
43.90504219984748	20.12509994419683	1
14.79946645391702	27.22143719935828	1
40.80622748908038	13.44575375568485	1
13.73537078470649	42.67351749590644	1
5.03581304810866	28.46203628480056	1
31.68232435865400	7.00432027801753	1
28.73386757573351	47.88554216734056	1
2.97716671980802	44.61958613739625	1
33.11002597587446	25.68286067533030	1
46.56798916588802	0.52508799418664	1
17.29463972028628	42.87056200225842	1
27.26424118053385	10.47185618057212	1
45.82926861124666	29.57054651730742	1
31.80978892054804	36.11207616607904	1
39.99498319389399	46.71794160398299	1
48.11789141525970	43.15902318651314	1
6.54699810869536	25.15724488565522	1
29.18446651332991	28.14502125197069	1
44.27024054260522	33.23716583169126	1
33.84070051818865	33.02043259672199	1
32.39355195791946	39.77319187439521	1
42.01312536630901	24.49130854651089	1
36.67615223068516	30.29256142501695	1
22.00650155328793	29.11614696015029	1
1.61391291760231	15.94598450974225	1
4.83383368046871	14.77638608146636	1
48.32849008922519	15.30078195077403	1
13.57911874989632	7.72416672685451	1
25.36560046606463	30.76384732028387	1
2.71122851142407	26.81195946559695	1
4.63204671077576	43.87533335782722	1
3.33506543860929	35.55599758861436	1
20.58647229358317	30.96106693691496	1
26.18712128486760	26.53376291251836	1
23.41195919223795	12.46874454879663	1
24.61793523200490	3.67783500472169	1
8.01073150511497	12.85515293151656	1
36.88918036079366	4.22383152547012	1
18.63419418121803	14.09914802510527	1
44.86398116852382	26.74233993220209	1
33.89934200814024	29.20157951005148	1
10.30293924529532	43.44495033705120	1
15.90448956954711	12.65324895786061	1
19.42104367508551	20.45508491913507	1
21.03558433668324	42.42847507535102	1
7.78969972072036	11.07244544631405	1
17.51951046705531	30.97038401007225	1
18.55874738419018	4.55970612084926	1
40.76099484555620	11.65871051704354	1
46.69111693156488	18.51736298517612	1
2.85381024897682	13.05330232078740	1
27.16316734454875	30.31384591939575	1
33.11173681147813	21.16126601326600	1
