48.406569121506	0.975000000000	0.146741561817
3.61798972695006	28.12394370202014	0
25.28643473545286	9.26133724083975	0
27.29386401803914	12.41453382338458	0
42.67029820128445	41.02066699794734	0
37.46578789090330	38.51950106517884	0
3.24970314095904	48.22691514060360	0
35.84544561765425	11.90731351848692	0
37.50116929787093	17.80113290694123	0
47.14381918912542	2.74799217354407	0
44.58510291302096	15.19668544679482	0
9.34247251650703	46.44204231818111	0
29.82184824549926	16.26345873960876	0
40.95803256611119	45.75407916389796	0
19.11723264825456	43.55009328916217	0
2.87919186024838	30.52695348625930	0
36.02615248258152	10.60033189249578	0
33.45988817628704	46.75126413087941	0
1.72513461167350	1.72164300551517	0
8.39382513390809	24.33638110131641	0
43.53806280453284	31.79777238952344	0
45.96811710900419	35.81760862870881	0
10.74514252514751	13.06100880071866	0
13.13122630735030	5.90773122689440	0
45.55559341118546	25.31055804550062	0
43.79219687549323	28.05225453849836	0
40.52896591268942	39.08167490318473	0
35.90371044233414	15.33332859891970	0
40.70582720438037	36.43405919520774	0
43.32692027276818	15.43363970455596	0
27.15733366487841	25.15473667022252	0
8.87103722481679	47.74203891697378	0
22.66981833925315	42.53582031664980	0
23.15663061280287	36.73707315281242	0
23.01928256797170	12.32719595035212	0
26.54923017008401	9.60736170502006	0
26.81986191482006	47.69384382475886	0
33.48803804078431	8.95345067205715	0
17.42332586976577	5.63849672476871	0
35.69555277353372	16.76750027973457	0
8.18934860237727	12.97266107177471	0
18.41712019979206	27.65379107557378	0
44.60361757054184	47.94807209113252	0
23.93353545240248	33.77138606555840	0
2.27617615864569	37.16948881515333	0
2.08271033560013	0.40125967350829	0
46.45869917364253	5.18931609422012	0
42.92312958329263	4.99092421282871	0
47.21472800587870	36.20207365994975	0
23.64083008840707	7.24969021386010	0
28.07847182631762	48.16158299359952	0
11.81534904609085	23.71453101239559	0
46.05006201850262	19.94303390396977	0
11.66192438730134	31.48294053485579	0
11.93252448645794	6.53669372221249	0
44.87933909717998	17.73156565008211	0
17.04828410681371	27.68256359230230	0
20.36270881134724	15.02573179849014	0
47.02654845773154	16.18318085947775	0
46.54675588689338	33.65696745119494	0
14.50280093036817	11.69271854271351	0
14.32576346664284	7.79165170570942	0
19.92465408357319	38.38782768126747	0
16.69066203433134	35.75051641768824	0
13.14620395069594	47.95746068809440	0
28.41974638022020	29.67421943660009	0
46.15301002126673	32.41938319652854	0
35.08118581807956	12.98371249509895	0
13.44658123968754	23.63568611077476	0
21.76088957550082	20.26952961985585	0
21.37342233737617	33.01429781611008	0
29.34316867583906	22.53808313506909	0
24.52968125130673	20.78415808248494	0
44.13492091581306	4.53662674533635	0
25.14014674266943	33.18774806311500	0
23.72072283237690	48.12293865782377	0
3.19337419414537	15.53723363831259	0
39.15263850326851	0.37360756327612	0
38.47315748481331	32.32685566947546	0
37.61378403223200	21.94682821923526	0
41.45344406367529	19.04331002223733	0
45.03678347800528	28.54942157153347	0
32.02971942668685	17.19024882365235	0
24.27983258753438	40.25016847322028	0
9.73462719394137	34.77211298983502	0
24.34439408815200	8.36212319013061	0
18.50123716255287	33.71739367500768	0
26.88384416737315	10.89837744260974	0
42.79511998854579	28.96163087483575	0
26.15824887774319	46.32704794417646	0
33.52034941823976	40.39649536507365	0
27.67198193035154	28.58591405548228	0
10.50731398356671	18.31515527076905	0
20.22304227898277	1.61110972323787	0
47.41057219942621	21.99700849652835	0
10.74228444442348	30.46719927172133	0
42.30855173678042	14.60652904108976	0
4.81456148686069	6.35422917063725	0
23.48324171526606	45.04666652775394	0
47.07581717878443	4.04267725178640	0
41.82933468245665	44.74995328236236	0
6.29921188130645	35.36986904403495	0
15.63960039185796	10.54383738492591	0
16.24432388152800	6.26603071384605	0
10.46531192393742	19.64243769526819	0
43.19346267116629	33.05034777759006	0
0.81707290015283	25.29430317806866	0
46.14022173560005	12.62106325585733	0
40.64438609441482	21.46619867172445	0
7.63779755187375	18.63171954559500	0
33.72633935260210	20.05190733639462	0
38.58579422158428	26.25792542841966	0
46.92588904691866	14.89264601443349	0
8.52987917136165	3.28917011288657	0
30.22228680122206	13.25243017771909	0
0.21134977684012	30.77795255876901	0
7.14769967215542	17.35672085479375	0
1.98988181445365	18.46421917031256	0
15.82933684374833	27.19818645426647	0
6.24623141998783	37.92911477067879	0
27.26218797034920	16.02660321881414	0
14.38074915751498	42.11036575737352	0
23.83449234676246	37.82703417821312	0
25.01329244692306	21.98565123727591	0
39.92204867851655	5.19129461651727	0
42.65986468172074	2.34210489695636	0
0.77919380615229	7.60983419353813	0
29.49902952146531	0.07318372025302	0
40.06894891298063	3.89515311049044	0
7.24290358425000	3.25564768190982	0
26.74254334230761	27.62364680364332	0
32.33742986875723	31.18619768495547	0
35.89746476974872	14.02494103571915	0
21.36375747345620	26.41898333220552	0
39.57553134650131	37.11667244278706	0
3.10008942167158	31.92892095857455	0
46.36978531738695	21.22723316797725	0
30.26435450417372	28.19890261601189	0
22.70685591779166	22.65496513794618	0
3.45438070029069	43.40876573853959	0
38.65238516980987	10.66626766213348	0
15.87614405790519	18.85016360999691	0
46.37660693331651	40.72068613972557	0
18.25356082725608	25.08775247220906	0
5.17357070195948	42.34082981366915	0
46.72427552541627	8.10242135531167	0
21.34174644081304	40.36649144178977	0
21.67636055752551	9.75925359647794	0
11.49629620685176	28.68066626333454	0
15.11187471548734	12.90315725118594	0
42.52956450720333	9.32095304763368	0
45.13618539128286	5.43328992098149	0
38.86348401151445	4.39015005849013	0
43.96732711082841	40.79607448224526	0
22.77096988331625	40.71749518356468	0
18.62069627308595	29.66318510899432	0
12.83875025755967	34.39753419146776	0
3.32773121685240	25.10788906475883	0
15.09248538259355	45.13002460337473	0
37.06154735050136	8.23269735472543	0
32.13173094703995	23.77063746705479	0
29.21551472543097	30.72948542885377	0
19.93023593054211	22.47021977104260	0
42.66407933007859	3.69536221413042	0
35.93178001985792	31.90965038210004	0
38.00934731027479	39.81957815432500	0
16.60808303615575	8.36122228242506	0
45.90368360353705	38.38055275016907	0
21.45448184369407	22.21958734150306	0
45.01485891687964	36.74529556054688	0
13.90832147800351	36.58566859466472	0
48.38535046444337	22.84497128767076	0
12.42085648193223	2.30894743099839	0
48.05277019811933	8.28240352446451	0
27.54573211200312	20.27116366904175	0
17.62938869558583	23.07815428955773	0
29.75233546870477	29.50768019578575	0
18.66907850812945	26.35372883161535	0
14.11001790936833	33.94174470828068	0
34.87221164867995	38.34487541467340	0
43.61539515626096	18.07171034121863	0
28.46607114741606	35.05278190344986	0
10.41723671371317	15.15840636350062	0
19.16021176395550	32.63678638346008	0
4.56858021559870	9.20333027675693	0
38.03974181963186	23.21064919271554	0
36.20290918469316	43.59930418441554	0
12.76203035788546	39.43550563747458	0
9.33639749019973	18.94966056731182	0
22.02670125353270	36.08037037740780	0
34.42360309670214	0.04781002400911	0
47.77110884007674	5.15989187645412	0
39.12740036923272	2.98051279814794	0
20.70489820848407	19.46936748217213	0
5.05837472139780	47.20639730385833	0
23.54922901421258	1.02429483223503	0
41.19497870708553	13.91794613567688	0
27.92366705415918	43.77833459593101	0
47.49962729732092	44.97747162304580	0
22.90934216538478	10.23541349165487	0
35.38446148112980	0.93162968119930	0
19.43711777515919	19.80849250292239	0
22.69731450703244	33.21850516937183	0
20.48936049697895	10.34428964858814	0
0.50310580194459	28.28809913699039	0
36.33385477630628	34.43176126003402	0
16.08808101971082	47.42206815315328	0
10.85144529635513	41.92104718478699	0
32.08284348170677	43.23879090847519	0
35.04360787593008	44.14154063259749	0
26.04329536800807	2.22612106492133	0
17.78862028781963	36.41402768402293	0
2.16013240823551	47.47911858178972	0
34.60993559016946	39.63298041440090	0
37.06683341594813	14.62549593260475	0
47.07822863248727	13.57652740029059	0
13.49007345174665	19.15713586810682	0
11.75365444013418	17.46576271442857	0
35.98762272182555	19.25973193471146	0
3.14774772399772	34.88376704195661	0
4.41793352518485	15.07958913970657	0
48.24125503583458	26.13556691383943	0
39.26544509831308	43.14659817415852	0
25.58094287868625	10.52454271656985	0
29.50791604798105	27.12461873250135	0
47.83771673913149	33.93550198983888	0
1.41089181612529	39.57959972634136	0
0.34414059453825	9.41172029083759	0
25.29978671877479	42.51410959438211	0
41.00112972632031	16.56213352515478	0
27.83642906528725	9.85549516750681	0
34.72613254181024	15.90381099914257	0
21.17962105343532	5.65847688331656	0
44.31049301122642	25.67202782861482	0
41.38819152065843	12.27446072805546	0
34.47704058958028	8.07054414002945	0
11.56531775521210	15.81508911722773	0
35.67739319976067	48.04142819845193	0
47.74652100520368	48.07184871609131	0
14.85247782198073	43.80648906932156	0
42.51203477465891	27.66143664942705	0
22.56778770062722	25.79487532264805	0
21.51078935631367	1.49971012547471	0
38.75536377328437	5.72641432635663	0
40.01627893592635	14.51697656162828	0
45.11510549278651	0.73960125979270	0
22.48059471927100	21.35206060835406	0
1.36606898126428	10.23749092694547	0
28.17835025691159	27.35743748762729	0
40.52654907509555	42.79774852663156	0
16.38802530384682	28.82110930002482	0
5.19085887974374	20.46299690007753	0
6.20395793922118	0.95153360210225	0
33.80217250687481	34.00019635999561	0
45.20051513300496	41.31902770573652	0
40.73027992550536	37.76174505534910	0
27.21666982724004	26.44187431125154	0
26.40162213379490	28.86082467804750	0
14.32252863768954	10.38276898057548	0
3.53475976988900	6.18202714901717	0
9.15006456665260	32.29150092827341	0
11.52806456704775	37.23212924000634	0
26.16531947615677	8.32085613975440	0
10.54446654796393	5.61826544743441	0
19.69834251745481	9.27515369070970	0
34.70095661532326	47.16983809516980	0
36.35848894559676	21.57825214597920	0
34.43175140272994	17.16554868505053	0
30.49901737559652	40.62474485740167	0
35.39702711630078	26.24684111748147	0
39.60246828139272	47.52927626432030	0
37.68965611642162	4.98094808974816	0
2.60752751156268	2.73196418275210	0
44.62428606844458	43.82541706794973	0
8.14795401048086	45.39970800478623	0
42.84108973519329	37.90126392234659	0
26.09426428819440	16.59309122773673	0
31.35452115330540	46.06021012387048	0
37.27376195187702	19.11905628007381	0
25.86034967256118	3.53855732925086	0
10.30279666602338	0.81032375154801	0
20.07444556539015	42.65392766398699	0
0.12850722758620	10.75139051058640	0
48.34853508274975	3.93659329977322	0
15.28177513725164	46.41709626958332	0
35.94820509851672	46.70696880900876	0
20.76772519313845	46.96082108256566	0
42.43729178529598	42.35005032183836	0
13.75542746200515	30.38718855620507	0
9.90494476322990	10.54438682915125	0
18.88309946582168	14.96021800170882	0
6.39837415547682	2.25326760032021	0
4.50515225752069	10.50005403162292	0
25.70037867250333	43.76376923160698	0
30.07613776866567	6.96495769468117	0
20.47873655595185	41.39288493838537	0
42.80365676338794	23.61128358477238	0
21.78613203451916	41.58226233336206	0
12.05068570124546	12.75647585943416	0
34.56515860965633	11.75324682152017	0
17.29162682912231	0.99694062405622	0
33.32209258502566	11.31407245227998	0
6.06947894306666	48.04285860277724	0
36.65761691451250	0.52752819360328	0
10.37023180118348	31.75562391929568	0
32.61533354311157	6.41081271490034	0
16.22917402727596	15.70038598517564	0
41.87904213055532	37.02133233304829	0
44.55911655024791	6.99449671853539	0
3.27854243632459	9.16920952494823	0
22.06453172416777	37.42780740863611	0
30.14571054393389	5.63749039218650	0
31.91609222550378	7.54188583488407	0
24.75307193852385	4.27256761140145	0
6.80423751970386	40.29675573543557	0
40.16519485855936	7.98897029308693	0
46.30733188186454	42.02947948777399	0
43.45173504390183	20.30482210966281	0
22.35973584375972	0.52136988892597	0
22.67653554655381	15.38049043214954	0
4.67222339769521	32.22274058779141	0
31.81886825911963	38.48386614417775	0
26.18262819981646	36.01003375624677	0
18.21895467155587	40.21668742417790	0
35.73936444699035	27.47947793748332	0
45.37750875920168	8.02133842760079	0
33.31610576604322	24.36008616877008	0
5.17009682282849	1.80857901007457	0
39.45772583387499	9.66152460413623	0
44.70297730202177	35.49344841670987	0
8.07419847823232	46.72009760114674	0
32.99500998496475	18.99526455302319	0
5.12062036011768	17.92351159831856	0
36.91735814160145	47.63703308246769	0
38.85171755283773	11.93866059632752	0
20.71317091417150	28.57590536917115	0
16.21821594725143	31.54232514454805	0
32.17317447912183	8.85071852430759	0
44.79360079009674	12.77160208826052	0
2.79115774910094	12.47220053403593	0
13.59503382867955	32.74366452244735	0
36.80083900629344	28.24585961349330	0
6.16591017018244	41.44944893536088	0
12.44012902230942	43.74392901842806	0
43.25036926221244	6.99767665803537	0
26.93096294674916	4.27043724942687	0
16.74204859425428	4.51396664358202	0
46.68179204724127	39.46099790819532	0
12.99495160107010	17.95481649222814	0
15.80510145875477	11.82490009932179	0
2.16342836622821	32.86841186452394	0
19.37208824750739	28.60046402915120	0
45.99415202955392	17.01510900661680	0
32.78190581489824	10.08880558305356	0
42.11451677369678	33.82751943209477	0
22.48853992897442	5.45649680887089	0
13.16544238887024	7.20467740911495	0
0.51226798910237	24.01891752489562	0
29.98231169917953	18.38321727142776	0
38.83277933049305	44.41407486109464	0
36.18951533916199	17.97298830784856	0
43.42658992790709	26.68286415792391	0
7.05088805398731	38.97127790372249	0
5.81581737921251	9.59393363122072	0
41.58725922967454	39.89555866906167	0
1.14363061933902	36.52399252403382	0
35.16350227192051	22.16503383896854	0
32.17884502730755	47.11621706195338	0
1.00660623658477	17.57386670888922	0
14.74271312245607	19.55708052222333	0
34.85576886966785	30.48503468964642	0
37.89501458291107	0.08762006416767	0
12.68430673775437	24.70868729535208	0
46.26566096022829	37.11231116240281	0
1.31434936216562	22.94144694090784	0
18.09151704693322	13.91565337383575	0
34.81806547564148	5.02366999398842	0
21.61175563989068	14.63806382231813	0
43.94465937718021	46.82772862188654	0
23.09277819463347	18.37144990274614	0
0.24338514363540	44.33819131434302	0
27.46535798347475	21.56526341890799	0
40.56602283056637	22.79977550325315	0
0.66267663288730	5.05136905369446	0
11.48084998367944	34.49330096765361	0
19.00238234038570	18.59281759478197	0
4.06386028834336	31.05507605758080	0
30.39866437500173	21.68111278701135	0
20.75062396192432	37.33634520583668	0
47.93206094979995	27.41021132199911	0
2.19822632877825	35.79435558029973	0
12.68498913489997	3.62192467540518	0
12.97939562444878	26.00859983927808	0
24.32766307596689	17.95188316034195	0
16.62800727114546	9.66615487111047	0
26.48917892212077	13.49507451294372	0
24.81108116937649	16.74049272459208	0
42.30685081613177	13.22825696570254	0
48.31986325723940	36.86816571380933	0
16.98951757743684	14.63871046067182	0
20.51612175973187	6.79047988004183	0
17.20617118673330	3.27021580803506	0
32.73449366721563	26.79454170945980	0
44.75748098112629	16.46245710950135	0
23.71202034900100	21.81310476105437	0
27.34501722627700	23.87516063616937	0
27.16765104788623	17.35357221222434	0
21.67896334910363	4.42522491607602	0
13.01381346572735	31.51995500601510	0
34.87243473926699	42.77078842931910	0
43.89628872564529	5.85537502066594	0
37.26188682009915	46.39510462039929	0
45.82205149995389	15.66384823545167	0
8.99696714236390	0.67154703093153	0
6.33182359658148	18.39167575514784	0
17.70704939310075	28.77815138041091	0
39.24343382245291	6.94471502657505	0
16.59662630013045	2.11609990884203	0
36.92240847420528	40.60428933630637	0
2.99869312916968	4.00347425268167	0
31.92778889564550	1.82106844793069	0
15.16080570886598	28.33508819398835	0
46.94329245875482	34.91421167701274	0
29.17829682138264	40.87725905635747	0
45.70431708419850	43.15251186468346	0
33.20884604934691	7.66733336693409	0
28.02759692231825	22.74087089291800	0
15.51846150012812	4.97762562492532	0
41.13896155842105	15.24262115710378	0
16.70421143622850	19.90375484121212	0
21.93066564834212	18.98447590525352	0
31.04500092169897	29.22724517393673	0
31.26517601008684	6.40736449579656	0
34.29744748460923	3.82727420284009	0
27.43247257841949	8.61107145337280	0
42.79513573219491	19.13381812941930	0
7.62385843899068	35.15726065945896	0
13.93760605063713	25.13004816856611	0
18.30023664640880	46.39045437882837	0
43.45640225052797	16.74957846167354	0
3.86453595583436	42.17808774313945	0
33.19293984065447	48.01753677707307	0
28.97391021020704	28.42617417379052	0
47.10033824433596	23.25730002228130	0
18.45991582649015	17.41041058659376	0
0.80855757296101	26.99245449646685	0
3.97482429415370	39.51679240065953	0
13.65215276703853	43.19613804938258	0
41.75120714842912	38.59491658756343	0
28.37282434289357	45.02832358183053	0
13.87541362527778	35.25150058435894	0
27.63462911213897	38.12165728367491	0
27.34855256514474	5.51702342468002	0
28.55486666179341	15.87556607162890	0
42.19816487219135	16.05385838546531	0
5.91244625951751	16.86681456651784	0
29.05212547567703	47.23517181315641	0
41.54821607326692	29.40236422147806	0
0.97800869359895	6.31169078611641	0
16.19415906712196	0.30413338401640	0
31.04798025703045	14.26732909338319	0
4.92910795609679	19.20105867080794	0
8.31675978342920	19.77968257926462	0
32.03454527843966	11.35522985914743	0
25.65191407392780	17.83363799549901	0
10.61172886438172	46.12973296523042	0
0.26324572058656	45.66036850978878	0
14.44697166314610	37.78218300404173	0
11.20778942070423	1.77094121722012	0
6.02701595394679	32.43499656930015	0
7.02889634298569	10.07078493473756	0
15.59500497625189	38.41587681458784	0
45.59822314648599	34.54532859062947	0
47.44247776542707	32.68438532550591	0
36.26501065852249	35.93806736817779	0
34.64283472780355	31.79872959688409	0
9.72095233403076	39.10982321806046	0
30.03777984332920	4.30791170441189	0
36.63337353388821	12.95974440882250	0
36.75204017973470	20.33365560553770	0
24.05839014252668	9.65391009258670	0
15.64039256246507	7.48106341269530	0
5.50320071548182	8.30101401705332	0
33.24175151004010	17.71899094928462	0
39.94041613932460	15.82588316237744	0
7.36090962650559	16.04640423948479	0
47.07761737283642	19.12933338702173	0
38.30800205883818	47.21523639341515	0
32.17382343601010	29.88686707754570	0
18.88349173080799	20.98758079614290	0
18.10444124847827	19.93460567013541	0
30.74364628729819	43.01934301768110	0
46.01434804964542	18.37471260136787	0
30.69351134679463	17.26383226460295	0
33.24447925237413	23.06585721750961	0
5.18466640891826	33.43261657846038	0
46.09426278397508	24.12530946208568	0
21.41893019691570	25.13749773092185	0
40.43964616513373	0.20823929051948	0
5.90052310804427	7.06632644030327	0
39.67604181261252	27.08416297424510	0
33.62323311957358	30.97342419359138	0
30.08067428561901	41.87263142770143	0
36.16092823422560	30.31667998808099	0
21.96122640297506	17.68651518037212	0
17.90863112254929	2.15399661380010	0
37.86384286097454	45.25113328286850	0
41.63596595354083	43.42466026772885	0
18.63561559043238	22.25317488415129	0
2.88074721146430	29.23175575713327	0
21.36722651961320	42.81413595071054	0
42.26315288068800	6.13223246624254	0
39.64666831130525	41.86909264224646	0
22.19293229871971	31.66909461291746	1
6.18889564678868	21.62818119727415	1
2.32172067361020	42.34756624741660	1
13.97204442001620	4.57553001841101	1
25.22910656288294	7.08198869715967	1
3.29206361373370	13.96600570372984	1
7.58301588908917	14.43225954041733	1
47.06614919443425	11.36911843087882	1
2.44566141712264	16.92973887615590	1
46.71073904319476	26.34249005518967	1
7.91023111537036	1.82794730500888	1
20.00071580065026	27.17636563783976	1
9.17698148562192	30.70138894575348	1
41.95515920206849	7.85221898429635	1
2.30997098175033	7.12418830196652	1
39.42107382750913	35.55787707417075	1
18.30605116304500	4.35394305734746	1
12.07481358487587	33.00251171935141	1
1.78622938433869	8.79265645585242	1
4.32833859221511	38.01895293661252	1
43.63801946880714	1.15148264833187	1
38.00055920342004	37.02159744389894	1
39.02719616860892	30.85502962085583	1
34.54274977614232	18.71076666950237	1
39.33917121358319	45.94534479946546	1
25.78705763822148	12.05582544754070	1
4.71668497856154	0.32318591466016	1
4.15215425016678	2.97733782038456	1
45.40598866693482	9.54202697371159	1
28.47764227844296	4.44238027110256	1
22.77404667024691	2.35478874929934	1
20.13815643877825	30.01485106474770	1
40.02724803775658	32.42643928568635	1
33.25230599660975	4.95237663002592	1
1.87155923243512	45.91116652785204	1
24.11643922807154	43.58013279553413	1
20.42294827154056	31.77730502986813	1
28.90317488980464	24.05149656254463	1
11.15618556146655	3.32100874656422	1
1.67498391611898	15.27517981644313	1
6.64673519523063	12.85017591025242	1
37.39966379875385	9.75268124892460	1
31.44046561953394	35.62345587543594	1
14.36606373330275	22.29168442137493	1
8.17799002133381	29.11337306336851	1
28.42048014893572	11.29293080133637	1
5.77630556335797	3.70190730259410	1
17.73812795762505	16.04065808796859	1
10.23533689382642	8.98220567317153	1
10.31433207640636	33.33995059963025	1
21.92734147229213	29.64524164577627	1
4.02297235404117	7.72573803999237	1
30.63227029682238	8.40621599843634	1
5.16971262941201	27.87676000706090	1
24.96301893975401	38.87586719241959	1
21.64554744253020	45.67518358011883	1
11.91300043058804	8.11555845538776	1
22.80663030667630	8.64587547538378	1
41.89990478489616	35.42457356276240	1
18.90296797540475	41.62864949223456	1
41.29678716547133	24.21404173922231	1
10.43402590194670	7.16138074071831	1
2.22137653768876	5.33949440922086	1
13.95373299410276	2.77513113811612	1
35.72987470829118	9.04768783945280	1
0.90429838700687	38.09644609763819	1
13.75501338077689	46.53616662360904	1
3.93813446091199	26.55486160709762	1
4.42179194346347	29.52816294310652	1
36.26706686222659	5.54685524736031	1
21.37825768205042	16.24451215612114	1
0.57730968896809	32.87110756570001	1
9.37664696819724	42.45246264141952	1
9.68825831447093	2.24574861468451	1
37.62638628849923	6.78088924363926	1
22.63998095788005	24.19932954694139	1
43.38512611767210	12.07461205512213	1
48.24856612308238	39.73176211817614	1
32.27860373049491	28.27833297563527	1
31.43974314850395	32.44703556076039	1
19.79374724838459	39.96303581593757	1
44.48270734358935	24.10935248861930	1
24.14917916497037	11.23946855318881	1
26.84310002728113	18.88498919512203	1
0.56150428630361	42.80761591873819	1
45.70435302990224	2.14571312769852	1
9.67635857936245	44.87204761503789	1
30.31929700798927	25.22712407428930	1
33.66676315808630	21.59239831601548	1
6.70964724076185	19.90781293015752	1
40.34477768435948	44.33532076220829	1
44.76813842973545	33.19797816901576	1
20.43381865255499	21.02348163069231	1
23.83044471558232	46.54563447106817	1
20.54970495331022	44.16572947439695	1
16.39834516872601	44.29304403173231	1
17.10081807161243	41.28766081125099	1
27.98906353857609	31.71845337101933	1
40.78632332690802	30.75637375830842	1
11.76667542498741	45.11503368359840	1
14.65629155045064	31.62909617608181	1
33.35061962063190	1.18873678873563	1
2.14422538092119	26.13306164387465	1
4.34056042461676	4.83168974249414	1
24.02744593987043	5.71261213035291	1
34.12353439823593	27.61542346278824	1
9.04183661863811	6.03697224177699	1
19.30115652051100	7.76395314404033	1
19.04129587734105	5.99908443597586	1
1.45671876904790	3.71406021292303	1
5.96994110054374	15.29215590113702	1
11.68047127329512	40.57101484766896	1
15.34167872457190	40.80975598637375	1
8.89957559596667	15.68154044353176	1
26.38978180126445	22.65862156123030	1
15.19366715831359	1.48938430557651	1
18.39171650190286	12.38387823457287	1
25.69818382449134	40.96623719291838	1
0.25468356420053	2.37935968262632	1
10.72793476739358	35.90511576515725	1
44.14019754930030	29.78878534572938	1
7.78730485069633	11.42403831754909	1
26.00567761420050	15.02334039583196	1
15.37977886880678	34.86243266164299	1
28.73695843919243	17.42263790769107	1
7.39931418498208	6.70456007474733	1
7.05672069595555	8.50924230674752	1
40.96347563436068	9.36980567603174	1
28.55598384958003	1.28895088375936	1
43.85645743301083	8.45240537194203	1
36.47760767859626	23.12018270877538	1
31.11181501838554	3.12631545118759	1
46.09112041234706	6.66967418041774	1
0.56738392569880	0.61371259609612	1
46.21467710163004	48.08273429991249	1
29.40888079760016	9.77689651645132	1
47.54469946523950	24.74303168357167	1
12.37514208322566	42.23461494909923	1
5.92259690612184	11.18895455449222	1
45.24983341489581	11.31298853702692	1
42.84927404472876	47.94412710422299	1
7.59342666127025	32.37279259681228	1
34.40441266054579	10.21256349159389	1
45.94439024857917	44.71534994963633	1
34.46157600122451	36.84698141170230	1
22.34284541153780	44.03027022659747	1
5.55191959402310	39.33472835175257	1
29.33895032980041	2.88785812423989	1
39.97846762259076	12.96170499220743	1
22.10275216164070	6.95269537650518	1
28.41654041935584	33.51007411245380	1
12.98129442147689	11.24624796979107	1
20.42731929589331	17.93240212120047	1
28.62357072743033	25.82808030552917	1
36.43472364483578	42.08501037634930	1
25.18549976424869	27.89865497464218	1
25.79056176802013	24.35217836658364	1
13.58304846168995	44.76781277506931	1
38.84235900834080	16.93464178653407	1
9.42632227664211	13.93474004930859	1
31.98119755294505	40.00992768621328	1
26.83507618241649	42.64599971395298	1
4.96993983837992	43.87411449978784	1
19.28445699884757	2.85030807653763	1
3.65051505314555	23.49806734567020	1
17.57211824662208	47.85051979933605	1
8.71119379808470	17.50012745175001	1
36.21707264195788	37.49362629038262	1
0.61961097757655	47.20021740765599	1
3.64122340973273	20.16877110127203	1
35.20951673438627	33.28985016006374	1
25.14506702697677	29.74064110755267	1
0.34342340824419	18.98764935187648	1
39.56102980738626	29.13794948334921	1
27.54174446089199	40.95245798104158	1
1.65739367388332	34.33812471993108	1
20.81431522585290	0.12907418358036	1
17.42969152431150	18.54400512539226	1
28.54324865388187	39.42672000275463	1
2.56430234628405	21.93677984476383	1
35.40390874325202	28.97935910135870	1
22.26474782012996	47.39095124764538	1
34.22250259864276	6.48099944038699	1
3.62713042492752	33.41261490116975	1
10.88660929823348	43.49509710180168	1
13.57284501033063	12.96569125483358	1
30.34242951197450	39.07066780658683	1
32.75203563765908	45.38048953475286	1
37.32648656280615	31.29840340501134	1
15.37017848517224	14.41751964786689	1
19.74695256591480	45.76447476953891	1
16.73033298468641	39.51570908624934	1
8.90168504913726	36.10465585321107	1
41.40700888476461	4.76300370220166	1
7.95559582544508	21.30490826207173	1
11.99729097804763	46.90078776061051	1
47.87832257686001	6.72302840857144	1
25.68029522564890	26.16721083038648	1
40.20612965713914	11.09729980782575	1
37.71300907639224	29.53424576932696	1
18.75926861791149	35.22784610114196	1
27.72487812472885	14.52376170842850	1
1.07423083369971	41.07436854695916	1
31.10591504275606	26.87523618563251	1
23.23990155409737	16.81388392643462	1
33.48937456824147	12.86514537419160	1
31.92173931294763	22.17470807964083	1
11.92472984510176	4.95663161448438	1
25.18281726662857	34.75841407339642	1
7.78576074533034	4.72802170230133	1
20.49237103666353	35.76056607780213	1
47.45504760860349	38.11991385353242	1
33.55175902522485	43.77634992518612	1
12.96959837944396	16.43255096068584	1
27.73254028536181	46.44257816649672	1
41.76916612472330	1.04637529858750	1
45.96831829100928	29.81083395183395	1
48.31431360128768	12.65075250995794	1
23.91774492124180	32.22890261536566	1
7.81382681208225	26.00480241285903	1
31.17793143522133	44.52175386350292	1
27.71483492845413	36.46340192729126	1
45.60609301271824	14.07923745326962	1
13.41790225123375	9.09769332317577	1
34.55073896868628	45.61531756540639	1
34.71623552951210	23.67393431423185	1
34.95721263125169	35.09591934369685	1
28.68661761734834	19.23421362931420	1
17.66444787534240	43.00419251380254	1
2.03263215463540	24.30031777390911	1
9.07866355362096	22.79140081528890	1
26.67188532748341	32.93256775805499	1
42.02698935844501	10.84333576048598	1
47.25483473162391	43.38811453810212	1
31.33076749618229	15.79701437164485	1
34.69236457614084	2.34692947420972	1
43.08865408108649	43.85839002906378	1
28.70945420368094	6.23532838697595	1
23.53587751510361	30.50037545228438	1
31.18775222437591	10.09298524685884	1
11.79369557221388	9.88559150302453	1
18.03791184442842	9.01772236070690	1
17.08522385025322	34.27417293045504	1
43.49721829715538	34.56607763241500	1
5.48162307194816	23.26182090724281	1
7.32042963294943	23.01523408825376	1
0.01379873838299	14.46007234868196	1
37.16382066835116	16.25450216476711	1
26.94045672300879	30.28946567737918	1
39.45286500362135	23.87166470589078	1
30.79425748281295	30.75614479214480	1
10.67678087701847	27.32099538946792	1
13.43364455390395	1.07319470081319	1
10.29207190848212	24.17460612848755	1
26.81060653909541	44.86925432270604	1
30.38689664678407	20.04564357128424	1
17.10883704611102	30.24634191735487	1
11.91152731112658	19.04777388559808	1
37.08412869694371	33.08609494693032	1
32.21287916370612	34.01810711505198	1
29.48626485483517	43.94775434333305	1
7.18961212530637	36.66767012472994	1
33.40438672189746	41.98684907019095	1
15.63520445448351	3.38818537443544	1
0.12609034539354	35.31771708753714	1
32.58709908005159	14.44468379564124	1
44.04588701244982	42.35262253200281	1
30.38746503103285	1.40113061751629	1
40.12981839566660	19.96622108724979	1
11.57988861014524	20.80625515127991	1
29.10286308325841	37.68260690494726	1
47.74030216396604	41.48805873763609	1
39.03112793933164	38.57831573613290	1
45.03258398962964	31.36310743660190	1
31.79560680315557	0.27182458801810	1
39.56192788081123	40.31904146616925	1
2.93761679597733	10.72320054604565	1
23.42614988326519	35.22831320445638	1
6.67121740116330	33.88941147517660	1
21.08078017079879	2.98801593802487	1
19.87946619527516	25.35194803275929	1
24.23295180597833	15.28795417621019	1
0.79333998659503	21.49184153169486	1
38.76520477411281	18.75335912188419	1
47.81103348488028	29.43067735357990	1
4.29319432247045	12.05111926462024	1
42.13851350084401	17.63649570250787	1
47.47404390089830	17.66062983399106	1
13.48351493366882	40.84905848973569	1
47.24484018960759	1.17636737040263	1
1.81535322815825	44.10039573433917	1
12.59201135328578	22.32286592719394	1
28.62598251868033	42.37405185124739	1
41.83941765926074	32.26834506047203	1
15.85659575194864	42.58247381044573	1
16.14325697593973	22.63609508873407	1
44.85158706161040	20.99758186708519	1
32.11900234479422	25.35116243743680	1
8.51984771050243	33.86629916149516	1
11.14776730041670	11.52235713461616	1
8.31772510656275	39.86594017417109	1
29.76467644772199	45.77120338240945	1
23.12962168926513	39.19886235124854	1
36.08503734573947	24.87435273573553	1
41.61666919217868	26.34742772380549	1
40.59057486603316	34.15728680307761	1
4.29925311266833	16.63131174914795	1
18.17022164487300	44.80402111283783	1
30.25924934185777	34.09631431220582	1
38.15025164059474	13.34170204896470	1
23.66832994750080	26.91045645288221	1
15.20973030965412	9.04861457984599	1
4.74707646496462	34.91829477618916	1
7.52906549432050	0.06381365826860	1
27.50530695392820	2.80301103515790	1
2.65693431717150	38.68259431712411	1
6.65021768624988	44.78495003998951	1
21.81913934533435	11.31772845329661	1
38.30869976480313	20.49527552239089	1
21.45861786448863	13.09129202159150	1
15.46786530195286	36.66204272461817	1
15.40699047558901	25.69296979655999	1
33.18742721771352	16.13980085547271	1
20.10417488467853	4.51772992789386	1
14.70091685706090	48.12597430563568	1
41.16266152431138	47.27792016951601	1
8.19849879268299	43.81255779928663	1
40.34859089324977	17.96336770540901	1
21.79474091127305	34.51049075817466	1
24.52579841993583	2.71905832999383	1
41.27019274562295	2.94671584217532	1
14.22290474594335	27.05176406501241	1
30.83844070389850	37.31180421945420	1
12.92021792870328	37.87316068388544	1
31.49763890311808	4.87097485417277	1
3.41169147043192	44.93603306440104	1
17.35489713247178	21.32811091743515	1
16.22194219605890	17.24533261344238	1
9.98438211171273	29.04272460145737	1
7.76667864847756	41.59380103209542	1
45.02854105856423	27.01870132980696	1
5.40126603363670	36.61358782593187	1
29.67945536876568	35.94844434245996	1
29.55879540125489	14.69154774749691	1
26.19810280362589	37.56814695357421	1
40.00145121969927	25.56085260148603	1
45.48536616862199	46.47324227216512	1
23.58354845928785	28.72858504632959	1
28.91919973258851	21.05258197536381	1
44.06757333943180	2.94598972196812	1
37.63357690184812	3.42077984178137	1
21.38472524483188	38.82465359919007	1
9.72493148854056	21.00937991076001	1
9.46571477579462	12.08690020599727	1
40.74449675053221	6.50838446888140	1
6.55779368259001	46.59199831030553	1
19.33202423040917	47.54381121091004	1
31.69937738367784	12.84570551528374	1
11.80356147642481	0.33643240200007	1
5.59919514643529	30.94417323477535	1
13.55852027482898	14.74601979284997	1
37.35042593836265	11.56422709517834	1
17.12614126774237	26.16208355443158	1
5.96821669180249	26.29089675524325	1
3.62697912219963	36.37212464702893	1
11.30529234640715	38.80811427620851	1
32.18776273387876	20.37579408759886	1
44.15557056793195	45.29093687940219	1
13.66865737727491	28.82907957599808	1
42.89155588564865	25.13289664210622	1
24.15384641432565	25.17235424176098	1
25.05354148523539	19.31568519789203	1
16.94707083502388	37.68736301743512	1
6.59172409038699	42.97645319183930	1
15.52079226251790	20.91071070168793	1
6.26832156704275	29.27293247652555	1
11.43067727049999	25.64932381064495	1
12.49317342215829	35.96356395702009	1
18.69174848940196	31.17849038389986	1
36.30052206287916	45.15011299074136	1
17.15627952377432	11.10360566623299	1
15.26923166666255	29.91949958562978	1
25.07179357151345	0.99019600776337	1
43.72368587237091	13.89722841718397	1
18.88718699742229	10.60445424162996	1
43.80473413686202	22.42134154156761	1
12.25343245421219	30.03248883473249	1
42.54275543078605	46.12253258937158	1
33.93106924738630	25.77478342574380	1
41.90985133025933	20.50689923788196	1
34.96706227315997	41.11662312961470	1
33.23813337498108	35.47455277957630	1
36.45946360410701	2.06916717747527	1
47.20578918763989	9.59636455429331	1
39.18221824430658	22.06896556313706	1
20.88004957280641	23.69278916058420	1
2.05262780230549	27.93018147603631	1
35.84040284087944	7.26626491298620	1
0.18218634896835	16.25592450656686	1
13.46605322029287	20.70662018810124	1
37.90199688350455	24.82602328277854	1
40.94859459352733	27.99053575741177	1
36.99652896194794	26.48910367375166	1
16.70571734426993	13.09836687148538	1
41.14104522735649	41.37655301389543	1
19.04312648404913	23.75660510701022	1
38.79742086888533	33.83670038509517	1
26.84402000924469	0.84793099987574	1
25.57180062396843	31.50489842333629	1
45.64016400101485	22.63419299459207	1
47.11605497155773	31.17115914201372	1
1.42311686561334	11.73482711457710	1
10.38028618529817	47.66206965521754	1
34.39392435059570	14.41434933981360	1
38.20722466624442	1.65071607711445	1
42.56275553869118	30.58772037480007	1
17.47104857943193	32.49951995022259	1
38.29763990157719	27.80670602852548	1
20.12601363720522	11.88166786084809	1
46.54091388495109	28.11738580241908	1
45.12410819990692	39.75238129955130	1
40.01568932568781	1.69256494558782	1
23.26608801136873	19.91365838508818	1
31.50576389989389	18.64385775996169	1
10.82692898223417	22.45562281672397	1
18.85045835619295	0.88013563255867	1
26.68702896486723	39.37097019879652	1
3.29759485101033	1.37836138583024	1
9.60645474038029	25.82101695745453	1
18.41369162587458	38.69092341898620	1
4.84053785860052	24.92276254767140	1
24.86167298235764	13.57924884749407	1
16.77187216714339	24.38878899210259	1
11.76709634706189	14.28111636251770	1
44.35720346790528	38.12964280472621	1
1.32475632339104	29.62526117500341	1
17.58971940128133	7.17491367495248	1
6.09569720167035	5.46593845708935	1
38.15730844261176	41.53378879261992	1
9.66123950637147	4.33103608251197	1
42.01260588442339	22.28527775136294	1
6.65606156677493	24.64599017002148	1
2.82816311477406	40.57484738236620	1
14.97525013461221	23.97542228892364	1
25.03952248053720	45.19981806099202	1
30.59417151577447	47.38863076920180	1
5.08234669673435	13.68078351527616	1
23.21375314850831	4.07491278514011	1
30.61585881887902	23.42974035403525	1
14.32914046914343	39.30298979355170	1
8.55115400637295	9.72063904463555	1
33.66993098939366	29.41590634813282	1
12.46448469730744	27.46752083003958	1
10.00804693330600	37.55600066923450	1
3.58359642406148	18.34901222155087	1
30.23345604015479	11.66414357354762	1
8.77265293237495	7.89001959750060	1
45.55627217663960	3.92458814231711	1
5.04333211503224	45.65715792270480	1
27.08389450731362	7.05935740367928	1
4.68262795286658	40.88110749095932	1
38.56172227360099	15.10360839538202	1
43.43650752112246	36.44679863013166	1
20.07132914942240	33.92913825616053	1
47.30861311309076	46.54304679743313	1
8.31046499282151	38.05867112257037	1
23.97551558634781	41.74341536223421	1
19.56674948582626	16.35273380339109	1
37.65373495036658	35.23487188967931	1
26.08837922823692	20.81712483203550	1
26.98350833094457	34.69121935332691	1
9.88703949620122	40.69218193078927	1
8.89360199540608	27.48310365364781	1
19.19594469190031	37.02516845016932	1
14.64760444772609	6.27116509886349	1
10.35028998255353	16.76158052766286	1
15.70770556162707	33.07754412330711	1
36.11904316525592	39.30527279321172	1
32.62830352507593	37.13329348804622	1
4.37617116807197	21.82220825052850	1
31.63059540045396	41.74512446967540	1
7.08028631675290	27.67748040153105	1
44.63290861500288	19.24447728478785	1
29.69394151349522	32.24870912336944	1
14.55369228982410	17.97457077899416	1
35.17683702677091	20.57464916038600	1
35.85554639857474	3.78930919684397	1
14.74309946202052	16.15347571068418	1
28.86298154328543	8.02769138993221	1
19.69819692791442	13.63063016356572	1
33.34511949410934	38.77832816681640	1
16.79832760267718	46.04241654619253	1
38.61357303345258	8.36460593556947	1
23.07435964426099	13.88154172335847	1
22.05556011524674	27.79269853355774	1
1.55001785872065	13.49655245858846	1
47.74349452476610	20.48988807789162	1
43.75623108346687	10.28771504670242	1
1.61659492835084	31.41221179770249	1
7.36540070398027	30.66378033618142	1
24.23897051245208	23.33379560090556	1
43.11144145700144	39.47320440735474	1
25.26229259868749	47.61716561790277	1
37.72366200862707	43.34520134604543	1
28.71415005377973	13.04712427351212	1
3.55359510100241	46.71991171659226	1
24.71022441568303	36.53181191545969	1
32.94276501616335	3.04547234320361	1
20.98886296204307	8.36535217230845	1
33.26142537289360	32.51695762986242	1
25.82096919398400	5.38668665218689	1
1.84671011153667	20.03286066195622	1
