48.406569121506322517	0.974999999999999978	1024
1.60789499271741	6.81804091335102	0
28.34484948910928	8.97863899096409	0
33.71782181187952	8.27177321968584	0
47.40008544634404	28.13856980473203	0
39.78912378706897	23.88298461812857	0
22.02539767563110	2.01418381548467	0
12.49300265349753	20.88612848666325	0
39.01337443550511	19.02269944174349	0
23.38070691144415	45.74567975143523	0
28.72541364708100	31.58243957098347	0
39.85541424450611	32.38130367349504	0
45.02013708488742	1.65784927656164	0
16.08646027316486	42.79768316255318	0
45.44087475369630	16.88014519802654	0
34.96996670329967	15.58514690158427	0
20.24720591893425	14.61573775488660	0
38.91657548472242	6.37517654934910	0
47.78644250908402	23.12688605704038	0
32.61978555580007	28.92141733054052	0
39.00343126935699	0.05556705683338	0
48.07200787834065	32.32252073434447	0
14.27479383983347	7.55960860964206	0
2.16405652257760	19.00638352658066	0
19.03389111892011	8.05789536096367	0
7.53327952527079	18.78971930115279	0
44.48959208043385	33.98394283428608	0
30.40825003945530	23.42290836263279	0
12.80208184427848	23.34480479043707	0
45.43348498406090	38.86941487268466	0
13.87487591812558	39.65343370004037	0
30.25289686992057	44.11845496983069	0
30.38196716590040	12.75808229627355	0
17.57031698335798	35.20100761991374	0
15.21044183233236	41.63292756287618	0
6.47100301863497	25.55088271810023	0
22.49380034367401	29.11588067390510	0
35.19894976053725	44.31349240474363	0
9.38549736689543	45.57762463569312	0
12.82780749954484	29.59660924465201	0
8.81684944746475	18.66177085177546	0
36.26921343054536	10.86250430850453	0
2.57656680696161	40.56389045441980	0
46.72187942067569	7.96918156636797	0
44.82245418867906	27.74223084448456	0
1.22278964451564	30.27251404547062	0
48.08068938791612	18.56775625823884	0
12.67104127208216	10.09290929477462	0
7.07784278924995	3.74718205363362	0
10.34379749720232	29.07407470438054	0
31.48680124086145	28.24802112239148	0
13.65032960435476	15.35191568369775	0
1.64633152736352	8.25902691027573	0
38.89737897892041	31.52061987189721	0
28.03071221525441	19.22156884567601	0
44.70321842379538	13.20985084810335	0
14.14864475941395	23.52382360784579	0
24.95646343554367	32.92007633396921	0
34.07474117414255	30.87744616159063	0
23.21179073460312	26.83025852848648	0
5.11452034530615	40.52302170278073	0
37.75056774774201	18.77502022918007	0
22.66754221291542	21.06363771031376	0
22.98800940640988	30.34322262209207	0
44.10414683949173	2.65571066255352	0
12.68031844292462	2.54027337693077	0
19.17460407733897	6.76477778129477	0
21.27476410923747	46.43076810715871	0
46.21565574871079	2.22680968187901	0
23.85759619911438	48.15245550095181	0
35.98462604356888	9.52481276784767	0
48.36038019316226	20.09634838706086	0
37.97214896585341	4.19571278344618	0
40.61461590951056	31.29561240061248	0
10.71666316356171	45.35566499024603	0
26.74432547448836	4.94417761610956	0
45.50435564299497	42.72460961735497	0
9.77149198798111	33.27604574577210	0
3.17054968503511	23.28350114908727	0
17.20655517985054	4.36434518272875	0
12.74583562885763	25.75365095484208	0
2.18192198137275	24.38833884622757	0
10.33889651537390	12.10474582189678	0
33.31141414692876	17.64818379053821	0
47.77988668331305	16.08078491102566	0
10.27142840735917	46.55462455197075	0
37.66526003768170	6.81450170790984	0
41.59163587333486	43.87189573924228	0
8.78984849178199	3.08148640487451	0
32.78904877356815	22.31627696523945	0
5.82033376458121	43.02118722201342	0
3.06946449500543	14.68254099608915	0
19.09030873272339	12.44004189476985	0
3.79411313800272	34.07207279791792	0
44.02375411755897	19.08471423253825	0
9.29561113794838	47.37227950035919	0
40.97285065563052	14.95069364279169	0
18.68086872554126	25.70256147010262	0
25.87408422171681	26.32674737336329	0
36.49128436152088	23.47239742105845	0
31.18451337266128	18.68124200630163	0
36.52775035060316	29.78227422623538	0
19.70151210731287	2.82747945509672	0
43.57763983376100	17.86017162714900	0
20.01299742086688	18.81023445196342	0
18.92843015945186	18.03276394751667	0
11.85218468318176	48.10637386872243	0
33.78628263563094	10.13011941450181	0
8.43139659096599	19.90787853852181	0
11.57395618485021	1.86664669132348	0
41.75042882441590	17.98352985098878	0
13.61164170871093	34.07116192418955	0
35.50086410482339	18.78466891839335	0
0.67078287456364	9.12018458227972	0
5.83936410946670	4.18448483516352	0
29.15014809483146	4.13231612579234	0
39.97862856206400	42.64895611487541	0
13.56076035696023	44.24297283086018	0
8.28420919566986	27.84885786767584	0
37.58571094329775	31.71433938658179	0
36.66156239090160	19.46580355089060	0
32.72659066817328	35.71885607114294	0
10.98744447293689	0.69716354734013	0
45.59108669970772	14.20352527537269	0
38.06733560643853	44.29414635504813	0
17.65788090146651	26.52972530227057	0
4.74047679342652	11.36377237756595	0
36.99976834234435	43.49030881064311	0
4.73244313230417	34.97350614791931	0
6.04542673462500	34.82569276050745	0
24.88753300068035	41.71091136758536	0
19.10864306893898	43.18806986963533	0
6.95522648762560	27.74367750869934	0
25.27981664911099	11.67706379932733	0
34.06339109166269	22.79998166793395	0
21.46097220854387	6.28770464413013	0
32.98998311705383	13.22832527838906	0
18.21560814281564	40.76227040393966	0
22.27363476229947	31.44773223899133	0
20.08636380887076	11.56744165558113	0
28.91398830352222	17.35538504152622	0
46.49438555767427	16.11459069623317	0
41.33073445762784	38.39827638255841	0
27.68774049591999	40.20578822847871	0
26.94202990788700	13.70850695146660	0
26.19932028632136	33.31551546341871	0
38.58272235979032	17.76902610001945	0
25.62355131985006	10.42957719008347	0
11.22750316624958	7.40350548999331	0
16.20983216517808	45.80239489167559	0
35.25238246120778	26.89885117652160	0
39.09078585624311	47.16915442523504	0
19.51080507475682	40.48239423377119	0
12.97781950987661	7.83419440606006	0
16.55847358943916	3.22549219056118	0
15.86661641009101	4.36158733293025	0
8.55319394036200	1.75239587439977	0
21.70785611963648	39.50066136882764	0
28.80400369390564	32.87293984832089	0
20.38850134117282	39.48449556117514	0
24.04403191940803	1.02276412240226	0
41.34399625300674	45.14951485404627	0
18.93013076937278	37.45198888954709	0
20.38648206910900	3.97102690079111	0
4.34583992720431	37.97523900570790	0
41.88507284508452	37.20171038053406	0
20.36192017357959	42.89363416832485	0
35.32222816728144	30.31414279449787	0
10.57150213048592	47.82699262064403	0
45.30571864388602	3.17296486446698	0
33.78795435791164	36.46698491500534	0
32.57314881202888	10.64923403818032	0
8.61448285355459	44.50914140118100	0
46.75984514536933	43.04672035671141	0
21.34175178703787	15.40759278212769	0
23.46258432808627	17.97589466052128	0
34.61757022354520	17.81170581698159	0
37.92799468247822	47.70655020257889	0
9.92413974082050	18.00436400207773	0
23.97471608008027	16.77590324014058	0
44.39932121974651	20.32331364009941	0
0.55933304399075	38.28733497198635	0
22.10583608978745	45.39995640230943	0
27.96150634918992	21.83743096494646	0
19.12505272195092	4.23338746722950	0
36.22358191759326	35.66244342025656	0
25.69225529889756	35.80619707481939	0
21.03037949931450	40.63153127393947	0
34.32300559605397	13.18375525533082	0
19.18816096388863	13.76393818451309	0
1.31608385320440	42.81402511242808	0
46.48869837291929	35.43323259142832	0
45.33870286032536	15.51371945153353	0
0.84490712600131	19.10475928243827	0
44.91382954741243	18.09015010706700	0
48.26779813653241	17.28755021655314	0
42.73032745588182	18.87549234769584	0
13.18803661214776	32.86632529279847	0
19.24648506176031	45.23074224569876	0
25.45735460918436	4.64136904288015	0
12.67775165789629	40.16420758245326	0
34.42780038841447	40.71793174199554	0
47.99088721638230	24.44875933029165	0
29.10734341333023	13.14836327801216	0
47.51014549084901	1.90498891039417	0
24.45650263029091	5.49823093913667	0
11.66436444240808	19.82798044462008	0
18.79541896202572	11.11007239421132	0
25.72654038047859	7.28771089281320	0
9.03639832468083	28.93597267128355	0
17.70301979554653	18.60277369001859	0
29.46209934727233	27.00012805520162	0
40.31082064311450	6.09735953482383	0
26.50196844122459	17.32746227488583	0
44.79539844987106	23.53802962902998	0
39.64733297010803	30.40463572624751	0
44.42071315322248	37.99688809836206	0
20.17005690319549	15.94909462138492	0
43.36610465015203	9.78966772460704	0
26.15780231020538	30.07400240387170	0
35.14868170123725	6.13515791739090	0
18.75719236700160	20.95255192458078	0
30.00480247552462	3.16622228857008	0
34.94527685207164	35.85275301855536	0
26.19257406110817	12.62663811769044	0
13.27061533447904	13.53394026904084	0
17.84403408510659	12.06484281027405	0
14.85129052736884	5.25238297909268	0
47.71752384779415	7.15941070818427	0
31.66881775579007	12.92068775742542	0
15.35846873682470	37.43973844532486	0
5.95172809790999	39.52716908781331	0
36.81394421822736	3.60881835223422	0
24.37502558136674	10.16837068153357	0
3.83611854033622	40.25902547091043	0
7.33190572599211	11.50106082534574	0
30.60958716933629	25.29192969522635	0
34.25541085219967	27.74503054820756	0
18.08612636884233	36.41787616509431	0
27.16293862187218	28.99033431523906	0
18.90486836386696	41.87595971168626	0
4.42785690309824	27.92456240831357	0
36.89375225335129	13.36355262472586	0
37.95797928879591	14.10669988883011	0
32.55297047289882	11.97592222130508	0
19.98251872412829	8.98420393559844	0
22.02347456003123	38.24258637107471	0
29.50297831617651	43.03265130832963	0
28.46650875718019	27.83631495200933	0
42.10730911636795	35.91875650302328	0
26.81405155014028	15.02044654356194	0
29.08871482318686	44.65241097635151	0
45.18474496060698	12.03313800213434	0
6.68366867542674	22.45002423876424	0
43.61442795198866	28.26821124628696	0
5.42555019638555	21.97869906084772	0
7.13400535426952	20.05621007097581	0
26.56985643733848	11.33603447841335	0
42.16080151209272	24.57756076401869	0
29.85086735067775	1.87942751807764	0
48.30036386047024	39.45004964848447	0
3.71880042599952	46.45663344734940	0
31.69024444491683	21.59308665218327	0
4.58427029351381	4.52909084228709	0
13.73852814580833	20.43932255692014	0
29.04304591688468	39.00327658313437	0
21.02065926728773	2.84802627897646	0
1.13412794972476	12.20749666426559	0
26.59287414089845	42.81981681034440	0
3.15864548499888	0.58636437868238	0
4.29448032771475	31.00687366894714	0
36.41215702268106	31.10950721882388	0
20.92973358320867	27.35903935760661	0
34.69426289641010	9.18407266921780	0
4.37223061218559	18.96650796668064	0
29.05317252193150	40.32575662031949	0
44.39995253266017	8.99646201669609	0
17.42012983714987	33.88990926752104	0
6.63819931926200	30.49083970582731	0
35.18815867325717	31.62318779827536	0
38.93175704863237	41.87452214944169	0
42.58790412766813	16.98060343851911	0
45.56922924722488	22.48803493446379	0
23.62045416525287	40.88784510193090	0
22.24340592690268	3.30574660318395	0
14.35532562250579	14.25292468646456	0
24.85348852176727	36.83567224490793	0
41.16626736050104	25.90493102076240	0
26.65591684607446	9.68602607854065	0
8.50986998434879	33.59308486524021	0
16.14608047771817	16.81737715443756	0
21.67053233361073	36.98217829866852	0
42.06004739979631	47.67411822192571	0
12.58812488938787	14.62557582338076	0
30.54025382327211	47.22281061732417	0
0.18894356196964	15.06335441927356	0
4.17537936533417	41.52380565019180	0
32.73932049217807	34.40875713509624	0
31.42136426966901	24.25914128632788	0
33.86165222785784	25.11824442806737	0
18.06923916937687	23.44928065614068	0
38.09415572671448	15.41286891281658	0
44.31857138067942	45.38239357510211	0
47.40073565140322	5.04220001561328	0
40.88298533612060	28.73357583719146	0
22.69641910772052	23.65523411036854	0
9.65638309198324	5.54630151387911	0
43.49526072590601	40.44751707952164	0
35.16269257002126	41.84426192370385	0
45.53948954006120	45.89604152637416	0
14.56491977505880	34.94013979949489	0
47.95083121700036	8.43693927084680	0
20.19211104223726	17.51110409930088	0
27.82891939671640	4.18310655427123	0
9.36627091589501	20.81809993332747	0
45.46721536449004	26.58876341851293	0
38.39637916323971	7.90590336194386	0
25.65392259231456	5.95994618190562	0
14.65920240116818	38.58623996025138	0
42.77700308399827	43.17839193708793	0
10.84556367089760	6.11939548241529	0
38.16118219357674	20.02115884025977	0
19.15374373331182	16.74073299914232	0
7.15961769312031	6.24669222765503	0
43.30426903921504	48.08598120834466	0
26.43769873042740	39.68589870127116	0
40.69150253412245	4.05146510318230	0
13.03154698813301	12.25606128610823	0
12.88931841108175	19.45379851255335	0
36.49618399648465	41.98002557357794	0
18.35460365953655	29.10016677158213	0
31.47802883550712	44.55071202962483	0
6.05378933155712	11.11143099306234	0
4.67404511140876	39.24405996887867	0
21.91062752194605	26.51471751446149	0
33.74601726668322	3.46749943790629	0
43.59592048429434	30.13880197546741	0
47.42046299596736	30.94176330833074	0
38.51517375211338	21.28590109511390	0
6.41788579520294	21.14204528422034	0
0.54051373510307	7.57749848028110	0
0.67569022734500	16.26226966069582	0
43.46886939595057	24.99296847230197	0
12.06178394349438	8.77676775142854	0
18.27336898583662	27.75311288325785	0
12.90508850051008	3.81574100284327	0
11.90134219355317	32.71322136578315	0
41.31156924501268	5.26479543567403	0
13.89262757132170	28.73469661907201	0
0.12888486943825	2.71381112805552	0
37.47237540900102	36.00798290625052	0
32.86847726395893	9.23502549612635	0
44.15461934675012	39.28524788181946	0
41.58803964451047	46.44954180581793	0
26.29381561184258	34.61201761790826	0
13.92550065485479	6.24033928079851	0
23.16620336125771	12.99399412134101	0
19.24810475126565	26.86771917237245	0
33.89503281140273	33.78757306268232	0
21.10897627275745	10.71419445724764	0
0.96794606874311	44.07760122281846	0
35.09378870020750	25.60228953933027	0
7.46872202151474	37.67544528416411	0
37.74475026673350	42.44234548548769	0
28.84839624682571	45.94664747588904	0
1.83555752127027	37.95157490277109	0
0.29076564522981	31.18095784356355	0
8.43127018058666	10.73936339779766	0
37.94868986023237	25.81175882109521	0
45.31583004621771	19.36404447005201	0
8.45573789725054	6.15995609763727	0
5.35102848253444	30.23354792767450	0
42.78126550727895	2.58020619851218	0
3.11005735908432	27.83176064928286	0
24.84116184705329	3.48001642368990	0
13.91056050437558	2.10204315646704	0
33.88611872888339	35.09785776193682	0
32.86989027931915	30.23723274243769	0
44.67973495129443	46.89474359447538	0
19.95766183976091	44.15581638103207	0
39.34879166160871	36.73429503713902	0
11.48443603385464	3.19121666526503	0
35.75714627842626	43.08178423722902	0
1.43103222287042	14.67578884903677	0
14.84188942094394	33.62641418548967	0
34.85357763629755	32.88076721655734	0
8.37297029837618	46.44757917294472	0
32.07636222348750	0.91783168050817	0
39.44043658665385	38.05283285339480	0
27.08151232291857	25.87405780757969	0
11.00833011320868	33.67604176999205	0
46.68622327670722	27.05577611340777	0
22.52971641792315	10.46602067424826	0
17.90741040237355	0.95488185869419	0
46.78900308480617	32.06678582654834	0
6.84350085229203	46.77168803801509	0
40.55253652636273	37.32809444599428	0
2.05553113416028	36.65991118653530	0
32.50673870673800	18.71146822433195	0
15.15907302101052	6.57912664135914	0
41.26874165585669	42.63357857533516	0
26.06804531422208	16.10244100672699	0
7.22861535755107	31.65976215839018	0
2.45609992641244	25.71980955590964	0
8.02251053147903	30.64228834564457	0
40.23993399002651	11.93856057123285	0
8.65009070256878	40.78505162275336	0
24.95278564909221	27.25906743456146	0
29.61105568483551	24.44634789324744	0
47.22584116888673	36.52710522333583	0
20.26431645523824	23.06032700407477	0
25.46944129006342	23.23105087733435	0
17.06691195779932	29.33101806129021	0
38.80046392686533	43.21421764904387	0
18.27742784456886	47.30515697840726	0
27.85796732407580	45.05550771322017	0
11.39914997673279	9.91830670962089	0
45.74242649764905	34.34685988154629	0
12.30527036363309	33.98115785355116	0
28.24451400452961	26.49259834714479	0
15.99539386732699	38.57976758879729	0
30.83582080841278	42.97927536413223	0
19.42382326166171	32.86433413588844	0
23.96900797831379	35.86796831074916	0
18.31785948334762	44.26788412981062	0
8.29705908222389	39.51699849480716	0
7.33592398138844	26.50732542926691	0
40.85055526037860	24.63766703417600	0
14.90423112769557	21.00840763388478	0
16.48897838071819	18.14745452647049	0
5.22549715324556	25.10292932286677	0
27.73104146330999	17.90719887357576	0
36.53522786721788	36.94693619618678	0
14.17657806425633	19.19325657123008	0
20.18043683783476	41.61097108008106	0
31.03050892205021	15.75163387318320	0
32.00096229260677	17.52931283644190	0
35.41989512673309	16.79125154165769	0
35.04520341882711	10.45995009774953	0
40.97036823830348	30.03865494990112	0
42.58970810652139	22.04736162241541	0
13.98308926569400	16.61322647365237	0
23.60552360988098	14.23712036429644	0
25.17390499552694	17.34929185220180	0
1.13474270952158	46.95063635791779	0
19.19597454614700	31.57471743292683	0
21.24992668213638	16.72901780616069	0
11.40859298326848	39.82922787962269	0
16.20210030744763	21.13021969522915	0
6.28493266042384	7.18732858287708	0
36.36259336906301	6.69281858412750	0
16.14536785733309	7.41868929455340	0
23.72913729928422	33.31550994161609	0
31.29450179483011	3.17581764665825	0
8.62920294567077	26.60035466271680	0
28.48572006610404	29.14106091941191	0
39.18104352115190	40.58982927901474	0
13.29884595898779	24.55617828202719	0
19.00644403706753	1.69765848604999	0
29.31513969275491	25.70725578895875	0
2.05333024762293	1.32862206175534	0
13.50789852598456	4.98964541743242	0
31.15059434779011	1.85534247350836	0
20.59618028633033	45.30816080705861	0
22.29040602853522	27.79273503466089	0
19.86837491246052	10.28589438669948	0
34.10881471458210	16.58152504707500	0
14.94497139424108	36.17899157279903	0
31.63602965778246	41.98304601734684	0
42.21827461960306	10.37377238047968	0
21.26474380486954	28.63609523353413	0
3.76024248500586	10.49847119504359	0
16.74623656886431	23.36194999417981	0
9.92466901366316	44.33776519565564	0
15.29774521974615	8.43317537911030	0
26.05277807626140	47.22123463118606	0
30.28215784335966	36.31097605312379	0
5.44933230715042	41.77680664362655	0
19.02046290399280	22.55638632417014	0
22.34672402090039	40.64922163252682	0
22.49992879261004	17.11540493725451	0
48.30380533557563	29.93174377052891	0
46.04555241779018	28.18286038007967	0
0.73472401143609	1.57981437570827	0
31.62316615208452	22.92888622700893	0
35.32379450615485	0.86945924586486	0
42.46739658502038	25.85247837475389	0
48.00747084047779	40.76913214473070	0
4.55365201517931	3.21140851058920	0
37.90055744150099	5.51448275297562	0
7.57963439082210	2.58782694330408	0
48.08192759983707	0.70727455688506	0
34.02009812254546	26.42108012541980	0
6.89106718764106	5.00101574696719	0
22.68938183704308	36.16688703687245	0
37.88100066492202	2.87861273564979	0
30.26379201282992	39.47860152907878	0
8.00301760018571	41.91800338230288	0
40.71385156088530	8.88366237292991	0
26.01858779120941	45.91842996933611	0
25.75668949455073	14.25486279233916	0
17.03374579423922	1.97526032348043	0
6.71500658822766	42.07116318403796	0
18.76335422025264	19.33718462391825	0
3.28219729605971	37.17709650768004	0
37.79186134402620	16.69459339707846	0
47.37002729791319	20.98301104024744	0
25.64802017818701	20.14937129709268	0
7.13084896138153	38.95078436862183	0
5.18992796098038	10.11119888917189	0
46.85413254397720	22.19858526800956	0
7.22614318766594	12.80357746325828	0
19.79151792528178	20.09061331327853	0
43.23841554715642	23.45191731666620	1
20.42550479811114	37.91669989779978	1
0.27258622138125	5.98873561628225	1
9.55560231684879	30.41901245108711	1
47.45119901924090	38.06908070376745	1
7.49780599310107	29.19639326217033	1
11.68890501999567	4.76878215682703	1
39.68804771010080	22.32193049646947	1
28.48127940804914	2.72432165551940	1
39.44009614739683	3.02776184264226	1
4.73519446559260	7.30303797792024	1
9.56709369342934	22.31809759841707	1
46.86143583213362	25.53405285968702	1
17.16596177929682	39.61138842172553	1
32.00094285498717	47.78008596712709	1
46.20174167667987	47.33045969113122	1
28.50861409548368	37.10345067218464	1
38.25571817194189	45.84817830983703	1
35.70359440881424	28.41089566312081	1
13.68320477363999	41.34962428593563	1
28.62937177256865	5.56649230193085	1
44.06945881883763	14.58733707118716	1
27.74137761171889	12.37729744733666	1
34.20300163324761	43.09980004604736	1
28.29687051735806	14.48449445375670	1
23.45993229620305	42.41515099534852	1
43.98852641588823	31.63654645138174	1
45.80318854720825	20.96224578438981	1
43.35622602637621	34.99177284906309	1
8.10581796987567	25.10356570114198	1
30.20011328981228	32.05216603809684	1
0.50131378593054	45.56728146056151	1
21.52564517546650	18.33695888492900	1
35.96934058174568	40.46743852604510	1
42.88629168881579	38.42466236866380	1
14.55972001934158	12.67207447442296	1
36.37838664377951	2.08143211873554	1
21.52045168328907	9.21945439915040	1
34.08767701047565	4.98878688950394	1
30.70273171773350	20.17676582169922	1
4.94537593757674	1.17073833699482	1
41.22995530812852	21.33272885690784	1
41.91877042547235	39.90931281982551	1
35.16706522223723	7.70249431923126	1
0.42456020528941	36.76347161455252	1
23.49507936549993	4.26625662003897	1
7.32424444499786	43.51477568592917	1
35.38516298803818	20.33435327041778	1
13.94049875351145	10.97836809852460	1
16.02030826963507	30.95067448019325	1
27.93421903823028	10.52877684670807	1
44.15210442647801	41.95809441334843	1
27.02678293937174	23.13620232169281	1
10.07415072940182	2.18606759977899	1
6.44197690670287	24.01774899588842	1
35.06587768590872	45.89334987509084	1
3.96136505777162	16.03722643886620	1
27.76208035817339	34.02763493519847	1
25.76464308687853	21.72073590150802	1
29.62918346274521	9.84763375573331	1
31.87074597208234	31.43594663766132	1
9.42990144146394	0.49640374511216	1
20.64390368750868	33.80667986827910	1
8.66609656448986	17.09265603608902	1
3.68697638365487	24.74705796142252	1
16.18270333453291	32.80059397678551	1
39.73457714869100	20.37569491869518	1
12.74411958955284	42.92200617103411	1
48.18266331952545	42.39061383447937	1
25.97999075423555	24.72647174488164	1
40.66836807227946	10.42722309054061	1
20.08756271040727	5.51617261057782	1
19.62076067753993	36.05883330222158	1
41.21253684306051	2.55502428918980	1
17.17274386773290	10.64909289075626	1
26.44212814127325	41.26372338390175	1
17.86040356001875	30.65478537478978	1
25.26560821497206	8.85531853207496	1
9.63284623094221	7.15537673748028	1
38.96761962432084	12.87469565008043	1
8.41553905837368	36.42160466826379	1
7.80773473622396	7.66363845567781	1
17.66227839406764	17.05310953893630	1
21.72355334801629	4.74755041100858	1
26.99625612226341	8.20879259325083	1
24.42587425392572	25.82441629707579	1
10.18719208231794	36.63279812784091	1
1.40868294867164	35.23800063438161	1
46.51209657291363	12.91912945158919	1
18.75112500693942	15.24137218077405	1
31.95563184848525	14.44475813222162	1
24.77503787011353	45.01956988014170	1
14.31269854038396	25.76504710743784	1
17.68789295737034	7.23947765654254	1
48.00806241168495	35.16070621624398	1
42.24211855240722	31.03538238457879	1
35.37154041697870	34.34208150787110	1
23.00578227851215	5.99068808930195	1
37.80638279543582	22.64021795999771	1
11.37276475375562	30.24561198997662	1
39.44637902824739	14.61865449801554	1
43.60942415407418	12.03830050155403	1
22.92758553572205	34.64492740342798	1
13.79934070168794	37.23840218061475	1
38.05538089220131	30.22554011778728	1
17.64504534230037	13.63800767341736	1
17.52950110068630	21.97482459168948	1
10.01528793679246	41.53623427299453	1
41.29670554827133	19.49370801226176	1
26.96708963267773	27.43437648403036	1
47.12663668597187	45.81717489780864	1
25.27796356373753	1.99289382930669	1
16.96204970871404	15.38464158728528	1
29.56208041157107	30.28962240185261	1
46.76708023258114	29.54715289421781	1
37.19391786953749	34.42014501413094	1
31.96925148799285	5.99756524437604	1
44.05875488360754	4.23190500181143	1
17.64599538109489	42.80907725892236	1
42.24710290534085	27.40657817535326	1
9.34783847280275	15.38527786743476	1
3.21466087281813	35.54973020629127	1
41.10559722332403	16.51552459023699	1
45.12505747187080	40.46380161668992	1
16.73489741165711	47.25684290561570	1
9.75324108658710	24.05716867159241	1
11.49560166921609	24.78885105409632	1
4.77883025384165	36.50682761132288	1
19.24894948718336	0.11477110853256	1
10.93565066481375	43.12208975894687	1
46.38284922107017	23.80353327794090	1
27.66081641221686	30.47005082646474	1
15.47011327045033	10.04185796611337	1
23.41862701202146	37.51507018157424	1
3.67632485400611	5.80447382543946	1
0.52597440292650	33.61889596530950	1
42.35286971231045	29.21755485082051	1
12.40317401961292	6.39360211859898	1
33.40899722594682	32.31118705329171	1
21.69451808327328	42.08786387439634	1
11.10858493185339	14.95908794605473	1
5.67343139971115	31.76390103415378	1
35.28874637661524	3.62913167806586	1
2.73369598752161	42.11008841174845	1
35.15589881317351	47.74523084394636	1
31.28607560809632	29.76865368108765	1
24.56107156415316	46.79340479271809	1
20.57715234197487	1.35672570043718	1
9.95689686477189	13.61011198610063	1
22.96823614497237	19.44521488167195	1
30.35159446305508	45.67111993520728	1
26.45917327766301	44.40290616304787	1
38.64045988053690	27.17626824519881	1
38.80911010676920	35.24785050924761	1
0.91770846609122	25.36168982167117	1
46.51654434625615	0.69435671571802	1
7.09901679215568	40.56621848326851	1
36.67879402220807	46.79065710577554	1
13.32725454384978	47.59628822400614	1
23.81982081574673	31.74984786960501	1
33.74505059554694	14.64419903527951	1
22.88882589012627	15.62541513787551	1
2.55313405844041	11.49695823177905	1
6.45246061035735	14.21844443363708	1
2.42253555143168	9.62184479641481	1
38.39806636603873	33.05546729745549	1
11.73615884716547	13.22897267073481	1
16.83326817414237	8.84080862414290	1
29.35812837772862	11.60814321837442	1
12.05259422536538	44.61228150811797	1
13.46715414567080	45.79688460091947	1
18.88779164878156	39.02424769252945	1
14.93676164971054	27.48400644198685	1
35.06753818473913	37.39733046665538	1
13.88304313423308	9.11549052912798	1
2.30557824980149	45.71282213429339	1
5.01416841645063	20.46204561855081	1
16.49662602707425	36.35562469873745	1
21.24342718655118	24.23873840310824	1
29.05198133653653	35.35682030848109	1
33.32994840439819	37.96530963496732	1
45.21077837194148	7.67797349218593	1
31.71915598176902	33.23367037285200	1
32.47163414407848	20.25041276568728	1
44.91398862831222	29.30276826726282	1
45.42093993642467	32.77436072835592	1
30.64068748979854	4.63593864487049	1
43.43508425573584	7.41855313908217	1
19.73077397827238	28.33526983401102	1
5.63875556910309	26.87740821646981	1
15.53447814112862	29.16901292269701	1
30.16794486471005	21.88687888084728	1
26.45413871905899	3.39703577494839	1
5.21236600612080	33.48378471087665	1
48.00785295521677	11.84475276501178	1
30.00536958435321	33.84773515089746	1
34.77830148160977	39.14587569125892	1
21.37409509545003	30.19744543943366	1
33.59569154479642	0.38811162505495	1
30.30806864788626	8.17218768332822	1
47.10223728272696	33.59274122650597	1
31.39452288586335	9.58977744756286	1
16.49158232315437	5.80935410719048	1
10.58070918705442	31.91417622065238	1
47.17711557948469	3.46323699049819	1
23.29955284742378	39.33606142919594	1
5.74977421145648	15.86857269215727	1
42.85165953787465	5.69590100399822	1
11.81941785264399	46.51776882245913	1
27.14110115937981	20.53726250599848	1
20.72990627399869	31.92511667902999	1
5.89786073031494	37.97611179048214	1
15.17536381852294	15.61187640985210	1
37.49803279918267	28.54122632957176	1
14.55212787520053	43.04277137767528	1
6.98025385693242	33.17065535064405	1
12.75532256759532	31.37898562857238	1
38.97661283954016	11.03633648826581	1
40.77382117984754	13.39687476176406	1
0.44736762000877	4.21996684568753	1
46.76738278750419	39.72571308276148	1
30.05462145863803	41.57039861041370	1
26.36469058311326	37.27837256942690	1
41.80623002943228	11.88374281611106	1
36.63571322503694	17.72248996468090	1
29.42269668133245	15.87981736800730	1
16.71518156314200	41.31808008035389	1
36.63452830753651	44.98580684929971	1
4.29827622065607	47.89871508113402	1
9.92717306829504	25.79042113174411	1
45.05166274097413	25.08218679327012	1
9.98620163782050	10.57335987556985	1
3.97724218033665	44.94034069564538	1
37.98224251646663	37.48096677428829	1
44.82553700008017	0.05988560995927	1
12.65710797330054	38.62541135805640	1
45.66912454763641	30.96688944630995	1
39.97319413594450	1.25694464076708	1
1.69421378461394	2.86948922032918	1
43.46476973476943	36.75623429920513	1
0.26496788366296	21.82082352200084	1
3.11157677281506	38.87440908244481	1
33.13146497415113	39.80616174429355	1
10.08486659653570	3.99749454798521	1
12.39902440930868	16.28894659107823	1
0.87826508096058	23.54481040010055	1
28.22897008493650	41.69299410812535	1
39.19914046499066	9.25434884773333	1
23.54212437625420	2.47152645112989	1
3.88640394677966	12.70097296951284	1
0.96290680968783	10.65756837842613	1
2.57447005882723	47.51643212079197	1
21.48565191131971	43.95003448263395	1
11.46057866684321	18.26983979467360	1
9.48831317736053	34.87321787842478	1
23.34792004012581	9.05445811847653	1
24.97279555302686	40.17184915290706	1
38.34499929441224	39.23497448811395	1
25.06591525018468	43.24722481510660	1
42.58319427945038	13.54841529423197	1
1.93524515718205	5.28084614615918	1
3.85924191538179	26.48684324277005	1
36.55604666250389	15.69468748422704	1
30.21588971845105	6.39674320356894	1
1.13524456894558	41.24647146598446	1
11.99045576817171	36.92115123698898	1
37.52069098485423	9.93762409072602	1
22.02834550560022	14.02398944485222	1
39.90548569893161	7.58150782270874	1
39.32128944139955	28.86372683702196	1
9.07959047913724	43.03599623595097	1
7.09730429907539	9.95146818775375	1
2.20101214457220	16.03217103221898	1
40.55163377548023	35.74762766198034	1
8.21981244326321	13.99162894420683	1
1.38673491329688	17.65041555447327	1
8.74675255167340	32.05510553129785	1
27.19022638416370	48.29608719565802	1
31.74255701222765	36.91665686381724	1
36.88348208534784	8.21993749816230	1
24.70743910615300	18.89128411132602	1
30.12724712865153	37.86866575474512	1
7.54725064237052	15.67593548067429	1
41.39287970563866	32.63762006042722	1
28.85420889987267	23.09067667734169	1
45.98011066931728	44.39439595004295	1
32.62960642633317	2.37817953816835	1
10.62265861999895	16.65992280772378	1
10.14323694231921	19.52027628961641	1
29.93596120222738	28.49228901813429	1
32.93579989342885	23.86469065689568	1
6.58910025110288	36.31861269776635	1
5.31087281844050	46.34409230692385	1
47.09805897883899	14.64039926787518	1
0.27547109257605	13.52558277008312	1
17.41594384246807	20.14129606219227	1
14.45745894243509	3.66484239317560	1
40.61799818704180	41.20390087232644	1
31.47078857519563	40.47227984852888	1
5.67416029629381	12.62099347706715	1
15.45759809606484	2.12872216352004	1
28.93117614760295	20.55318679231542	1
19.59170983341179	30.10010918659992	1
27.68282560687327	16.31292708210461	1
24.53467999129388	30.06486718425572	1
7.31030650741467	45.31971192170179	1
40.07981592876010	46.02002711749287	1
15.69280140242983	19.57953267710904	1
45.82588562660938	37.31114895410224	1
47.81490930786631	44.15634202776725	1
2.20265801857365	29.06422046089223	1
23.81751966500129	28.32381653403597	1
39.36599069104480	4.86557652693846	1
15.40973610591795	22.51566223259407	1
36.80111851398794	26.87282115191233	1
4.78062158781229	23.37179368675464	1
34.39334217586203	2.06018816257178	1
22.31771716650586	7.61134592854875	1
46.86544937607825	19.50806498046254	1
19.72165322788388	46.70911526029984	1
5.99776275644975	2.62177613609184	1
27.32854550886254	32.25615725815960	1
10.86639363021207	38.31950044823758	1
35.68505305533083	12.34014795273750	1
13.11960166725120	35.53545976294501	1
16.72632377768073	27.80421530864085	1
14.97724133588083	17.84189702536371	1
24.98006188203940	38.40987375966635	1
32.74993784150241	27.34153996434597	1
9.83678837034401	39.76399042076427	1
30.99106328178979	26.79313080233691	1
8.39009368016218	4.60053861543964	1
9.87787398433077	27.59357619372979	1
17.43041345789935	37.86363984470331	1
39.59125708516731	25.60155901454084	1
10.94649254505341	21.18918340878591	1
21.34632589367878	20.16893894190817	1
48.23858390504202	26.79301508454859	1
42.47348242330393	15.37488566954389	1
32.61702995369912	16.11427099686230	1
8.74844012338148	12.25067865405311	1
25.65914243713078	31.53967002751547	1
5.55869584045162	5.74811969920009	1
24.22332877085472	20.70710607424977	1
28.01844387870967	43.48901848572652	1
28.05233489841978	24.69492718846762	1
41.39037723599230	23.15518476184183	1
33.62819948390322	6.72203277520817	1
36.36690368115065	5.11802998988862	1
38.28800722225524	24.32520004774100	1
34.13002616187950	29.30168889824975	1
43.16640040268476	46.53437042721501	1
32.33110492495830	25.56878313293939	1
11.78568901830669	41.41356502022447	1
45.83628019965342	4.63970860034153	1
40.17514982630894	39.41910980005696	1
38.14939984266673	1.36461932427498	1
35.53861442079783	22.20202716366760	1
2.98629710662421	7.51530424590301	1
14.98006243542955	46.82740062542020	1
18.91516667998492	34.37012340323804	1
5.71232824046333	44.54979603456115	1
37.42942845454065	11.89781563094120	1
41.73867846056694	0.80442503209741	1
15.51352769964930	24.36169160448360	1
19.37699750307587	24.32539866615108	1
36.55704048991795	38.66188129289045	1
31.68960062768526	38.71397022695490	1
11.47406545792347	26.66147891732906	1
23.22778689661414	44.18351756251792	1
42.25781663325320	4.02201270624337	1
34.03927125160549	11.65335435201998	1
46.43063768342338	6.32930601941244	1
8.06502483344302	23.27936822321270	1
25.37761505308644	0.19625514715953	1
47.72726364163260	9.95587030301246	1
28.65951377587893	7.41514768319022	1
14.20625706381130	30.31871655708758	1
2.51558528487572	43.89149471654461	1
5.88570215794043	8.68155757494297	1
32.41772316040964	4.25200688188672	1
42.85109163026239	20.47289225029095	1
27.54789613564165	38.62656906534127	1
1.09946755849909	0.09035766864879	1
40.42198867512921	27.26426083650368	1
30.46741325170526	0.40524035590406	1
4.63999321463448	14.34784606817656	1
28.67872800649187	0.89047072542778	1
3.99511282491504	29.43094336787661	1
14.52651387135417	32.07812034706755	1
25.62680084517577	28.63193656395394	1
44.97279376109434	35.72738321249773	1
2.20478822775863	13.33756082306562	1
7.06069381512455	1.14956022067623	1
17.80025226215472	45.78782780451284	1
44.00301408766611	16.36754322933936	1
4.99796774548032	17.50961697589155	1
18.51960983773248	9.51218474223230	1
44.14432996677956	21.86134010416653	1
1.45291354999665	39.50742247246561	1
33.91607482971134	21.26814297357421	1
27.10174667456993	6.45389965850049	1
44.62345942179349	5.98072494156354	1
22.74786600505277	25.22317414905921	1
0.50464679698399	28.49677461065668	1
42.23446211836326	8.75580716213594	1
24.75319302993495	34.50354545804259	1
46.38674289148810	11.09979043348852	1
36.98485950218502	21.05075395426478	1
17.92533164893906	32.44383106489386	1
43.48725161043668	1.22279128807544	1
36.57078459394295	25.04387557420733	1
33.14858246490441	41.62391227365600	1
27.43895695861287	46.53770154001995	1
41.71544276814856	34.38641693868372	1
44.30089944858241	43.75415889159530	1
17.37101459388919	24.83310563259991	1
8.73429034900382	9.20078854463287	1
33.58905394047193	46.92809989477900	1
18.13735581588416	3.04952466667791	1
5.74450864877735	28.73683197529236	1
32.42077496309499	43.33350941984448	1
18.26142310434410	5.51047633366117	1
2.32237962957016	33.70071331530528	1
24.68877294052380	15.38062971465575	1
44.67228501496159	10.56746736187113	1
1.52870669759302	32.09692980337885	1
27.29961182467807	35.77357628134108	1
20.20457776272450	21.54676329925833	1
2.06222168608317	22.19097962852444	1
15.37981378164212	40.05139502343302	1
3.20683555450801	17.79169066065646	1
11.76765787077102	28.44525419525996	1
46.57946798351757	41.51821866626661	1
30.49939533005178	17.27078748175458	1
16.10733181200584	26.10029834420137	1
9.02720816803046	38.11911581722663	1
16.70744906350158	44.31245172051666	1
35.55582204269142	14.15672896170888	1
3.83029615420486	21.83196281382495	1
20.52551030899235	7.53250336921600	1
43.87453125206095	26.52170618683017	1
21.30436182343633	35.46176224327759	1
11.28097219832134	22.97549008223411	1
7.61522578982031	34.84149293904062	1
30.17645285338572	14.28731599127040	1
4.09498513304073	8.97618869041105	1
4.25353640137076	43.12929634593229	1
14.99326996789339	44.83671225936894	1
23.71855553564454	11.54790837144340	1
40.49661871622453	47.85409982061568	1
46.75138843036193	17.69772899321111	1
15.87313091780706	13.93786283763267	1
21.97482238040379	11.99097515741629	1
32.12837063410573	7.83625436144302	1
24.70621545319354	13.12441706909424	1
24.19449354168072	24.07820961393291	1
26.50080981102730	18.85797634738309	1
11.73875208416579	11.40830002257928	1
20.54078105351761	13.05326305973854	1
43.11738066133194	33.19541998400982	1
1.50452015234376	20.48935497538611	1
31.13351184076086	11.36965922386568	1
22.67024963208432	47.13472760374156	1
3.66218574232490	32.45051512279706	1
39.32672274474869	16.40594902451029	1
13.62838797706899	22.00887091383868	1
20.44023892447863	25.85576142589754	1
13.16959077750135	27.28583677482008	1
23.61782600228593	22.37663106151051	1
1.68944799234792	27.09866565312874	1
16.38363771439127	0.57289425333203	1
33.55981476070144	44.82671200727248	1
28.99575685443891	47.51858323354963	1
21.01362931467150	47.98651734601862	1
6.04770568058748	48.09004963407426	1
5.99287945612086	18.98446452851551	1
22.52924540749503	0.56293664130311	1
21.77520840832533	22.40141444628861	1
7.86540304459465	47.95461801408141	1
40.17864169813042	18.04137197262000	1
48.01972929071442	47.44531782610953	1
16.27969046859960	12.18430158326127	1
41.62191392151594	7.02049023670474	1
36.73038754838313	0.25542467278755	1
36.41437562554025	32.75165334434443	1
2.75244311427467	30.79366045668746	1
3.26307035953289	20.09719095269227	1
33.97103683172441	19.23208707965115	1
29.53630971806847	18.80201104064671	1
3.39945179986906	2.14574521233152	1
40.00334764633149	33.92298372436201	1
3.14594749308408	3.95707152317099	1
32.11233983928514	45.95854262866050	1
27.02830348136794	1.66818478455093	1
42.41599700560067	41.62187645592900	1
10.45084617605150	8.74161983802214	1
37.67460249298303	40.90322462501624	1
16.06865465855398	34.62239687963334	1
40.02492585177868	44.21686800200059	1
22.22580830262560	32.98118729077678	1
6.84222907500238	17.36223461979932	1
12.82283684431674	0.94621832772306	1
14.58690777344092	0.49734851596357	1
24.16163046159090	7.38406795128835	1
13.19508662396283	17.93712254676313	1
7.94007486533426	21.44792811865596	1
35.01736351876266	24.02765639432301	1
45.98724860342620	9.33084437805517	1
11.31150633149852	35.21131330928365	1
31.29620833682210	35.09740867457953	1
42.84983459659774	44.77897531473989	1
