71.743887569893487921	0.925000000000000044	1024
71.618491172532472433	12.240298930915733067	0
70.165818277996066854	30.584694012057319412	0
35.371032009474312474	67.878726330313398307	0
54.653524509353353267	37.432451455721981404	0
40.127307100798738304	70.098407099506445661	0
12.855050231097791880	62.963759480680977276	0
15.260067063992684311	18.560831848983589509	0
40.014634212618815923	11.991627039178933245	0
37.274376554049133858	68.305848463451994235	0
10.674962883998459162	18.629975515275180697	0
26.156494846821058076	32.752282394446922353	0
33.932216891039750806	30.124674460568410694	0
6.478266163629596619	58.562539449486386900	0
22.128278420432597073	30.549577818279125552	0
12.680599031176427616	20.624462353096028266	0
0.246705482244141405	54.557950526279562098	0
19.211914118735620605	58.424612999165375982	0
39.593629081098249856	27.639922658206803163	0
57.900124366524451602	2.781392576513461279	0
64.640646402106497703	66.367849830541672418	0
27.533512769318466695	60.767633414347344001	0
62.655706916241506121	47.136020027004477129	0
8.004510746104214647	68.159926360685133773	0
48.530564222544079200	57.619860443485329426	0
39.206879474230078131	48.419125071448640085	0
20.411608337364764765	53.476168222880943404	0
14.934753280583178636	57.736577076129023567	0
12.543850643294648606	35.551772026894362000	0
59.050733992794718574	30.414474322302545772	0
59.143285825678823642	33.990832957627802102	0
21.895374834032594435	5.963846090178805959	0
35.338060394298373978	19.541083865706703193	0
25.931422394593671044	52.465623599548095513	0
50.917027837377943911	10.955534785919374130	0
39.693755220318685417	4.183707096625376209	0
41.551260753330822695	17.463002512164049307	0
7.029148886379795513	29.936836189407113551	0
12.919902117868385716	10.014820723595267538	0
52.369532895388189786	12.239566932293687529	0
50.594016763414948912	50.382177438578004569	0
57.908243650590634388	31.969020343090086556	0
68.509987812866967261	49.917843104056977666	0
57.209804909307919729	33.755104442243201390	0
38.938618397397362969	16.488921051284048502	0
66.682598981052024101	18.506075555973119151	0
50.280339282148581503	47.043054083255036346	0
14.154381237331419285	11.505351357232278531	0
51.274999447503724070	4.537693361149488069	0
48.864280668547152686	36.347999127422013999	0
9.259688622606971009	5.117637824875528096	0
8.590177652343907511	39.897043204766504232	0
23.822138037013321110	65.011742801034131389	0
65.623545274636683189	22.344918786126129362	0
48.011135007234237548	6.600890933657027837	0
51.896673505613499344	21.727285200237801632	0
35.401677929436218051	0.659037561674935990	0
17.169552400864429131	41.879958231706901017	0
62.878592262191759232	42.912434741696479534	0
45.881181195388300864	10.542197664663820689	0
62.332647969583156566	1.086078878974155559	0
14.654257538954221118	55.769841312872223682	0
28.144844586100198569	68.716741953411130339	0
25.020856388435621653	24.133854507607825468	0
27.063091520646771926	36.539352199925602349	0
17.545924076726237217	4.628372961643813177	0
5.424432618312584609	13.701461044203725237	0
34.861961343268589530	57.309229315325787013	0
35.450475169831804578	46.801010772173015084	0
33.535140125233901642	9.526315010577549813	0
18.408006131198202837	69.775741342600483108	0
41.257132824400066795	38.396862233904464290	0
28.925654172403760356	19.121576421432560977	0
68.213247528495671190	17.310774064677520556	0
32.122580298348488270	35.103253344893090571	0
2.668558182551372226	6.611892528598693808	0
5.149712855549971380	15.631616833421482227	0
36.922670532605415872	40.069288288622530558	0
20.187028292116913519	30.359222833690335364	0
39.075678665270835666	6.028876127456888057	0
32.979250962419015991	54.460707036274108361	0
34.225707030763004468	42.284587023104137415	0
62.906227299475254711	70.944436727914265362	0
33.594860573667297388	67.050149810835037556	0
32.585003616037958807	33.218784305847378846	0
38.640513455724786240	34.269748387573223170	0
11.643870759715870378	64.473624463343668367	0
24.555288850449922933	67.293957790707594313	0
54.228643081003681914	68.234142827077477023	0
10.619928397024310129	42.878673566039580578	0
25.152423196881095180	71.150431976578587978	0
0.738128248709227885	48.120589484960788695	0
35.068992481989660348	40.553103706248478488	0
11.337762460784720275	34.010012038611669993	0
42.189612251633654694	55.203994482748427686	0
55.594829108485875224	61.500101064724603361	0
68.216855923378375337	15.376765424013202122	0
59.066391028271873154	41.855462576038469535	0
66.974345949660502697	60.465999656789158223	0
0.969715845003038979	59.864873300751511920	0
3.508365509968577989	31.674114468332785322	0
53.888817448725589543	27.311058632478324881	0
29.341092684122418888	30.161248102143542127	0
50.288209190977433138	42.991466493205358290	0
9.045718173175078647	19.671631377503370430	0
53.159316119598415185	66.608110875301619558	0
66.055672057287338816	58.730479850707062894	0
10.094838606995056196	55.958846005659211187	0
64.668962644231271497	0.044452476515343814	0
34.049925696034037514	65.197882902681584483	0
18.780550160969113449	25.968780752286662050	0
70.556977821041229504	42.165575791163234953	0
68.988151023159957731	71.243076762369952348	0
52.579417547497953933	7.936381727718869072	0
9.692704132102569758	64.126459994498219430	0
38.747676912121058024	52.160709359674669372	0
36.824573741987848052	34.956897455962909760	0
60.118409906098413842	8.476859212806166610	0
29.000285798579493957	47.200576572520603236	0
34.239727182014703999	60.681660880583578432	0
58.404583347130007098	23.238820896156997975	0
30.607058382321579160	6.547011682955620415	0
34.319877450582623624	15.799579181918655735	0
64.561386267451538856	69.870170857752995630	0
65.088535264337863850	62.362144201537297761	0
40.272141799791164374	55.595735338110387147	0
5.133981788661845513	5.621425794521650587	0
11.038934171987493826	32.089090761719361922	0
17.113458820274370709	29.388192047498240100	0
68.340779437446471434	51.835613836160106871	0
19.704790970332020095	62.968046135663058749	0
13.582008400205364040	64.792040267775632856	0
43.388443116013604595	6.835539045613692188	0
71.384690357450239162	32.079804720951820229	0
23.393381611939197740	22.080875187269672466	0
71.199383054583762487	58.635893187429985574	0
10.135384932840576511	38.414077851102497618	0
66.671000956547914029	8.430920882108326353	0
10.406376070929296063	65.948551929156550955	0
38.445462396195743793	30.863111758810667595	0
70.140455716658095753	51.022617806420960562	0
60.527037869465360131	29.189874154186032484	0
43.118238210436430791	66.791693197912195501	0
2.760584727886623568	59.228253399579202210	0
57.850010525435330067	68.173073572246380536	0
68.153252904829386694	53.752567516355576061	0
62.373478158761841428	28.619477176921144235	0
37.052463613187235580	45.664770186115021033	0
50.629082086503643723	37.147313981376377967	0
69.354115917819825654	5.617899346006419492	0
42.286566265892787442	51.604067344677282847	0
45.276836991931574516	45.070092594773285555	0
25.316059649650760832	63.776020615314976681	0
66.676971465192849564	43.097715084491035498	0
65.607135152200839912	14.053525297054934029	0
5.132988521462772624	32.734405492480433963	0
57.060495973870203557	49.643392011655031126	0
8.154889980748775358	23.968574484321930385	0
39.402734252786977720	37.840910356213740329	0
44.516374617579565154	65.450610755817038466	0
50.137034766968753274	56.475118224659077271	0
5.109884702625506314	34.680488863792405141	0
63.386748867698436527	61.504551724447054539	0
48.077763810338986161	2.156640806473414163	0
17.753374618254859740	24.296527454589913475	0
51.684244230907154360	71.648741500059188070	0
57.648293930449007405	39.223426488046030158	0
24.628637794267088879	69.259782925590343439	0
35.888222098486515677	48.676502314949352979	0
25.097654229579411833	44.752447087075601928	0
33.483397178268440086	18.944421107037438645	0
44.267943133078247797	11.620140230873113651	0
13.689627477858508087	47.647852409535346396	0
45.449088043038557316	14.932380520136755209	0
48.307790790744796539	47.169318331090011043	0
38.158384331260904787	44.066803314568424810	0
43.791697045810359157	26.006139381612744188	0
30.706565367355057816	33.713103451532575150	0
23.181545565739703818	36.078348805642555419	0
30.259350116239428274	23.534010251133629765	0
45.830449425908163619	22.993978205301907281	0
70.958398694476599644	60.563925242707334462	0
51.063422063947683682	6.691163905301062975	0
14.783758205803245289	63.228042053684681889	0
55.758509820320313111	21.910527992996954083	0
25.357277885093573389	57.090518314125304755	0
24.529408533110014901	4.029787907098709709	0
35.346453030885371049	50.552200088875288486	0
56.035467903926530653	67.562929093552639870	0
6.436479285435535047	51.147607078118511481	0
46.543073478191828940	34.845239927513361522	0
70.180507603347777490	44.063102665351422615	0
25.107232589882816143	49.446365168581728256	0
7.938520078119061019	35.363542152930577345	0
65.030167689072101211	60.417409523062467258	0
4.403452146717273585	7.469965582502402945	0
20.826836207724479522	59.417784850791115048	0
48.354545263202147964	55.714002807999321476	0
66.615858956210502129	54.939822388868449821	0
17.023635257821180033	66.257664229332462469	0
68.480615672802414906	42.281184556939599872	0
31.945475469602431673	8.344907597327091864	0
3.586909427689489060	16.751690328679760711	0
17.261850369845653574	35.625254113515843812	0
24.015954404836985958	51.003414659892740701	0
30.420044186314669332	12.839754407283038518	0
11.189337635044800834	54.328753334078704995	0
6.876261511552271166	31.861350870436172755	0
10.802441817850134242	57.803140793638021933	0
52.542915948165557438	50.745999342987772707	0
0.823774847487195983	38.356062974957843892	0
15.771729977231837339	54.174883360311220315	0
18.192330305113404876	67.809219522968874116	0
65.639438766921927026	35.670362372208721524	0
14.813605788219541992	40.908287608490468301	0
38.548697147348015335	2.663903320819954956	0
58.505141469845838742	51.008693579865663992	0
6.421305409716002721	27.086561732001719349	0
50.527964707408798972	12.849741538731199952	0
23.261366786341437063	45.335306254798680925	0
30.071372151576561293	17.540953486598748867	0
61.555236861113236557	62.272829114093489977	0
39.259413133438251009	68.320452627268394963	0
25.786038973917719375	5.494775398383939802	0
49.301551633742100478	9.863445377060392261	0
16.593354159037723150	40.068512652264665519	0
53.229019440943126540	36.074020957164663059	0
2.084475997835560701	25.815887108123888538	0
61.432447013728136653	7.085329713956941333	0
57.382978253852577666	60.830277972414037890	0
67.465404899691904461	13.570515117100557134	0
1.591028794695889204	31.980727518975349710	0
6.758593602929103383	40.578834905256158549	0
32.444281514727151716	41.439519688105846740	0
30.893282805344107089	59.875381847884966646	0
24.323129252778240783	55.443718414420942509	0
71.643212809198303148	18.704358794648509701	0
52.642360239237738995	47.076182182071761417	0
51.041161567951014888	9.034532721109027165	0
13.062991843308736861	40.036917487121378656	0
12.150036638290863777	61.137324751811064516	0
13.565062591972184336	51.429755581020415889	0
45.110769770624600028	63.588621188938724060	0
57.255047714509707646	47.667015821080170213	0
61.630937023365646610	53.960715875753088255	0
19.786375841915720741	44.962346745210759025	0
35.660924575952464011	11.453580427250535934	0
47.296214677139509774	59.134582324876021175	0
6.809670852534467578	33.788382731873277010	0
26.876968436824679287	21.010127306608840314	0
14.631785980365869193	20.409305348226062904	0
61.593358443494693688	48.747916128599420915	0
48.643137901973133808	50.555932181422605254	0
23.291035336594550387	28.994645774750665623	0
37.468159157258874359	47.561071749801492103	0
64.137596125962360816	31.735195492845736709	0
26.853014127306174430	50.758279054018082377	0
38.173505038634964137	28.919397463913341539	0
32.682800320837507968	14.742230892937319808	0
1.312951363607270494	57.943758952283317853	0
9.796547366751010344	44.605920161960874282	0
24.253023628506650056	61.262375560655250695	0
68.701462589912850376	1.861114325483943510	0
33.708062028688829059	11.429205713770990371	0
38.133535000369306545	36.367833231525132476	0
59.832187073793996035	32.153634329675902848	0
18.190098799207145674	6.440626180874970963	0
57.335331160707674769	43.056860923593461621	0
50.193000029945714857	27.241855006388220772	0
45.336841692181771180	16.841244310129557249	0
53.275038329465637332	48.937157190452005295	0
49.700818193655209143	68.003855522566652780	0
37.943708135618557264	26.584585615668018477	0
10.730245997577275929	20.578858435348088562	0
54.971966451041666346	65.970810998377118040	0
17.176175276163881733	18.179752476510486758	0
60.871914648034440631	5.215121366807340841	0
59.665991180911092329	3.670305809365614014	0
35.534933256960911763	38.636506710497798167	0
26.774790147558796605	70.083412298568106280	0
28.757398515590995913	44.215117632085878085	0
14.911396258760399647	59.722459868039038611	0
9.241222200299601397	46.442407731924049585	0
64.562942873623782702	43.904685063470459738	0
47.065532470645322860	63.194269420584795682	0
17.464286674054413595	15.655410245036856409	0
68.877507051429248008	38.753171390003224417	0
32.350718097963969910	5.728630051403350798	0
69.462259500898724696	40.591427235488723113	0
45.345451664356538402	59.057934520593981631	0
32.747815465172877225	28.635675320239609931	0
53.516748282347279542	52.476875229993616756	0
23.277065440869751711	70.885383120849354555	0
36.193453693633621526	36.780292862834436107	0
61.906934640908367840	24.894275865918871204	0
6.169033092646601268	36.280991700164669567	0
62.702363299640083483	52.306852953236266046	0
0.031535499950494941	49.952511311406489369	0
43.918757645882713803	43.642489235669792436	0
25.789079945357467949	41.025206265121305194	0
47.519141182617069319	48.924516276533864811	0
37.797273715785095760	4.511989544692977638	0
60.219252641109875412	23.933427080679553711	0
43.588750979505050509	62.402696742535979979	0
20.520097791134407572	9.856151606755545913	0
12.153313931766390965	66.786635652009124442	0
5.205174946033332084	62.278537676894039521	0
59.755318889219168454	12.256210469801372298	0
37.481805638030593286	38.216373393018550075	0
48.489890530743288366	43.694077723191341533	0
45.722465292543809312	53.067112246770548722	0
66.073994616252662126	12.184605530509657001	0
47.571023471867150079	14.610513569251670773	0
32.490305802392896339	64.031454460640503612	0
46.788154464026355583	54.655369523621523342	0
18.528238660744356991	40.446903677500287699	0
38.233863662150881169	69.985898694042120383	0
69.073319440093385424	45.999754033405267251	0
32.003311280246087733	65.906771455702497065	0
45.591370840288348631	48.692898691275026124	0
25.021143646412543404	20.295680032544034077	0
51.393599986093541077	48.613746786440898973	0
40.122345802368634793	43.973099830680091316	0
69.346480822932747401	21.622696856468955673	0
42.432442729195443576	36.865137259177657825	0
39.617549495784082580	21.179688452013721189	0
1.177928314983535785	7.833894922435445274	0
4.730146395294140937	18.312420492246037185	0
38.339402453400680315	58.983320449340602920	0
57.615200466470270158	54.609931812576199661	0
5.471368377947783301	28.782782662602034662	0
41.558380142852811900	68.772013451903475811	0
46.399360987049519167	65.017315310251561300	0
58.827450095507735739	46.499292162974690257	0
38.799499092984412130	39.658839523970478069	0
9.981925474493433370	23.272153000895428931	0
23.092992980631819933	20.193183028114017219	0
55.589740773954716246	5.731965783456341335	0
40.744262943316520875	15.701190135073428422	0
1.552338314149464660	56.018202432827628456	0
56.598796831713762856	37.548237687448647648	0
39.442221721633934806	57.358961037036301889	0
26.285429261989751382	68.164650123054101982	0
15.886571099422550191	16.732251217747663219	0
5.696707147034548946	0.648139407942269097	0
2.174351270515372470	61.373207148085086260	0
26.040705376670100435	61.976559383445355422	0
7.651332273348321777	47.510658176846803258	0
43.314227897698430070	29.180601464584547955	0
64.074637583104077976	1.858694015439814162	0
69.090575925591977580	36.839223688968480985	0
9.511397826094979635	11.682719619480200990	0
65.165716918115322187	19.721322085386940870	0
31.464875730204195037	21.991913957725248707	0
43.003579816507652822	53.383433624927299377	0
66.999287118523980666	62.403998691021861589	0
25.725672586811057840	16.472175355039297528	0
31.287282207159982761	25.211127220091974266	0
12.084411787035000074	14.304336939901517667	0
7.121376607144108917	61.834124044723985492	0
32.370305837529656401	12.836079510034762663	0
3.920321754126503855	68.490474463502636127	0
9.054626583175441112	62.099082149453607826	0
69.970285689494403414	52.980257212584248805	0
10.926998927647737503	62.632768076754423703	0
1.584201480396855599	27.710408554165848471	0
49.507476498751756822	3.497565166884323951	0
34.702508588135309253	31.889621109802344989	0
34.887625445631805121	17.627840698199381819	0
31.794810677177036240	67.833485281720541593	0
62.539047795668317065	35.735687536706464584	0
23.937866433619326756	15.694819366683354644	0
58.296292490844429324	70.969291143888042939	0
61.910684228725642697	22.955150333863993950	0
49.180674044550336532	45.458698899759568235	0
64.739554304262213691	8.085340553699754906	0
40.013722850832905920	10.042792939468764501	0
60.711285910505857544	46.986562281910551064	0
24.651068158156373755	11.981775478448843941	0
25.157002892733540733	7.349829923850343505	0
15.418132117583278173	31.309127450786998992	0
52.078323342298148191	16.816905238768391939	0
16.552323963725680045	20.009218159904516909	0
21.368714572044694933	28.765987199193229884	0
36.924915424088560201	13.063439699596861132	0
46.361180423965066666	46.906838854994148846	0
58.542350263487215045	37.527048537245313753	0
51.700852954654443749	63.834387739768885695	0
5.869837168506585101	60.395635467258976803	0
25.175584240844848694	36.079516960607271869	0
12.951193298390542452	71.448728621458911903	0
68.261026792462914159	44.224778550057422422	0
7.947559489991476767	25.906909807380969823	0
41.387549949065260080	57.164931878085674555	0
48.577580796783117023	12.900868217546932470	0
49.476246223674145597	7.880556688745794069	0
67.797451069575160432	27.772426169315622246	0
12.607964948322074150	28.700447157673426801	0
7.803195519146686188	60.001087089950999598	0
49.555346831076690250	0.868518958092861060	0
28.978941872921200940	59.482167351599969152	0
57.369513670209727252	14.915474663147263001	0
68.270494335222437599	7.216690035847052265	0
67.994956553268366406	11.691792488210161594	0
61.882368519427458864	60.356618228511628388	0
47.235012470614869073	45.174712225388660158	0
47.688212905950940979	23.599839621061960315	0
9.719330031346078869	25.173510803931968383	0
42.062761177003466173	25.126146078798367256	0
30.521833048090499574	31.738580716643436830	0
8.728352498478185950	69.932675749870199411	0
27.417349668888370218	9.347894843150720945	0
13.240487951028965696	2.972132360233501913	0
59.123891169968040060	16.802431958177926674	0
59.395280370026284800	69.339635806070461399	0
14.686880740918818233	70.606193792858675806	0
1.859834785148778202	45.514454969588065580	0
9.016176113302394768	21.601766058619002564	0
3.983416979280994141	60.756414950106531592	0
65.659490216611274604	30.526730436281734882	0
4.802434548013346571	40.674180133601815612	0
0.668952177525509173	33.720624613281785287	0
44.213856948405783953	51.849860855452682529	0
11.621683215056139105	22.270563988452575899	0
7.286248819610181116	5.074210466381123830	0
23.374030355448116580	57.088217088233790264	0
53.333974797841356974	40.531522481418768677	0
49.450825511532372047	48.787612534128605546	0
53.314222101670942777	3.519584652700978200	0
24.148096675488091023	37.732705565632862488	0
32.428404180995599404	31.313860786995984853	0
9.450288228876216223	53.478529686767707574	0
63.823621151843191512	68.107218924152050477	0
36.382739130178755715	61.558258294192903293	0
44.032891596150030011	13.570193820025700404	0
22.500176219412903578	32.425180226788654636	0
36.514576797944371833	27.830100659565587762	0
66.561789707881487743	10.338364392643393685	0
51.746151334380506626	57.525979049801101439	0
10.084543220525752361	1.431601003462630306	0
18.828533980562369265	22.094925785489998304	0
6.081937081902104580	56.665641001508681995	0
57.710240832751338758	21.445525025797287810	0
31.219228997185929586	29.806562896851573896	0
60.933916522460933152	42.533006366705443213	0
33.155744234561289829	56.402092557508773041	0
41.419866275251699506	3.342871962077817560	0
12.039787899272791805	1.427142408670610152	0
42.497615706709943595	39.897927762484975744	0
25.324316245555170468	22.209830548142285522	0
31.366066909920068184	70.106674547201649261	0
62.814039101344796734	8.470043538798119442	0
21.459815189305825101	57.550465312027981213	0
58.848670448678888079	1.103773260316770033	0
7.081160613090609957	52.983765181928404786	0
49.550787967145637936	5.444945015191422932	0
50.180294826808967912	17.325612844515784872	0
70.774882846755374999	39.151546352816367857	0
26.809954788412696303	34.599760079106843591	0
57.229845068808558040	41.116740274964222124	0
23.850651371114647503	5.873674697435738778	0
1.064541960711780977	24.155112770974248804	0
26.609621640309214285	11.948830937161394772	0
68.080009892793057702	63.998481338003216479	0
31.401893665933421573	55.575457595230759011	0
70.976118502711187830	37.225983655396902350	0
8.646324955893016195	31.048743971818314691	0
20.543600901076143117	32.289627127868250511	0
40.636973312486716736	40.248276794163999170	0
15.556946351050463306	64.976701167102802970	0
11.076351671476658112	5.875163752632634129	0
63.977139954205519246	45.715493305635149568	0
21.374304006209747797	70.559935481996760132	0
20.152579077245135863	2.496273865994922847	0
22.660840366288120151	69.054724908526040394	0
64.116275623290164276	36.830759045809998042	0
30.059017925838048768	68.673823767509759364	0
18.739787204218607997	10.707331084024120926	0
64.193319179058562440	12.719740521524055765	0
51.483041901124913409	23.659543941348115226	0
4.542013195863976449	22.911130916250225908	0
7.810322775152271468	63.609900679054980799	0
57.962852741503205323	35.598321478896430392	0
33.614487729105235303	71.611512066837690327	0
54.335535242053083493	25.424010079678737384	0
25.674641783337854406	65.693704879279422926	0
3.551185109503168125	24.561402489992328668	0
19.651211067314147130	38.846826465257734640	0
46.174318923931672032	69.637696648082894058	0
47.792739932882966514	11.072851244270205839	0
59.538943224238565222	6.623890971205816491	0
71.522681555136628617	56.747151567318866228	0
49.875614499389875789	54.533261167364521782	0
63.872359117050905297	29.807061095669265427	0
60.587963127487860504	1.954864030358763438	0
5.234667035930413270	30.745911684406426190	0
14.055872622631191859	61.434011606534213001	0
30.196972715639599727	66.727472936988476704	0
53.467060146919749286	64.675340177928461571	0
47.123425721831587509	29.288304609376300647	0
35.844379070825745259	65.958375574496301397	0
57.115517846846117322	30.181747580552968913	0
34.658616633240207250	28.311538499096748467	0
5.352939098974958121	9.203243350277379164	0
4.620293980173776127	58.895303029216883317	0
7.328113968317621740	49.415682816018730250	0
11.746842748477511975	44.456518102170164752	0
13.806125099805310441	13.412561322792953433	0
6.326271821085467373	17.156764039246816367	0
69.932211581835900915	11.362662103108958078	0
23.523143626795899763	63.043709179470383219	0
47.865158023283285615	68.660321284148707832	0
18.186111302031289227	12.609636542490632038	0
45.244282401624680290	27.838622928809524382	1
63.507826970643790787	26.586898358851758672	1
40.514631711676486248	29.770590213168006244	1
33.137196394342154804	46.404624272045133182	1
21.082751204989254035	26.461079159934147498	1
3.182835510843054827	4.362929328528623252	1
5.881332925957254432	67.285513060778498584	1
66.402565774428268242	1.616089726322748943	1
13.061679298197455878	30.958676549520152577	1
49.789784411316709622	70.295315882020304343	1
17.476962738485841697	37.945050362877850603	1
34.450034996504619755	4.714053147291897616	1
17.517531878204561480	49.382209435136061870	1
43.230330141821156076	15.787932159221785611	1
30.932820914623050612	53.308141087680965597	1
59.668709862986119674	14.560690294623936936	1
14.926272594637110203	8.863641797255276344	1
62.368837187022030832	40.666253068685129790	1
59.681047147941434616	60.880678977709493438	1
31.675666983916698882	50.792138452679630234	1
47.269587158243837166	8.754584473649897447	1
51.004549827969874798	40.485495793540962950	1
6.802583111339737698	19.409957492211447061	1
12.845261051230817628	42.358652244156097311	1
8.655015592980413786	17.396763191271073623	1
61.450925086827894006	10.395971782736401323	1
43.474075337646503669	49.637634670189378028	1
52.984413578408187107	31.153602944733524538	1
56.268400057936958092	69.869437989085994900	1
10.965232782830083735	27.097973750038310214	1
64.094767209027637023	34.024067907336210226	1
67.788805176992795509	34.960610938735541708	1
11.973639804305031831	24.559450525054867143	1
65.034589069950001772	56.618388601589174414	1
39.117395937060187805	41.935310690011206702	1
56.559685494393512784	0.824271235474206554	1
19.851249945730017998	4.824036629342765892	1
57.812557328391875444	5.097335907278929490	1
44.967116598736382116	33.130752205438007252	1
33.631609824966659517	49.016842412246944605	1
39.752718507244210855	64.071077310683833161	1
43.097459658968134022	1.825985417676322831	1
61.408290135875446936	16.664614851242181004	1
3.206882671210619762	14.409755053265364211	1
22.701654507909559300	10.733083574229931756	1
19.116911961069249060	28.290042125261486206	1
6.739883234657608746	22.129069267134365617	1
2.549769986656234000	53.966285596846248040	1
21.855918678756758311	38.051771199577459015	1
49.537774860005377775	24.982511014347437595	1
52.856970692668525658	59.621175963939663234	1
41.703157190719259972	13.575788214237199725	1
68.988004022636744139	59.342705953083566328	1
58.180223828331058655	58.644968634541157826	1
47.896211640889454486	27.132964716399044391	1
2.303428715872430033	22.217289551913562917	1
63.850691363690650348	17.836673008745322022	1
70.627455994139623385	7.539844521640556962	1
8.025618386308689622	37.650469424043841116	1
37.750901423643995258	0.496202343530134760	1
33.822102164947978054	52.328832994243121846	1
13.614675088531598135	33.516742160018907271	1
45.195386708123962194	30.516111767656429521	1
56.293307660750400601	19.657964954862752194	1
65.899727671609966251	64.512951103119178242	1
16.392343226547065882	61.560200471457662275	1
39.833360913387629409	25.365761129321072076	1
64.026315162900672817	23.967031582653451238	1
36.046006876117218098	59.294076482136091499	1
46.695113657154038833	37.173735591587721672	1
5.575209636501334387	38.545658073210049110	1
22.316913426906339168	66.775832625266488662	1
43.930105164095756720	4.439724883221944474	1
0.719162629796219144	43.495547085348192695	1
29.197573155168118575	35.500133490153977789	1
2.086475531023692653	19.480142119701898906	1
9.616355533900076580	48.753095778836097907	1
60.254505744753608099	36.047750976203481343	1
0.594357282176306900	29.841189783217352272	1
14.917470277617230323	35.875836965735942385	1
67.755819543018120044	23.364165835146483374	1
51.171707881200440227	34.905875994860231515	1
32.202920185373095308	61.747196401193285453	1
25.153115330256138549	9.685885032395242789	1
1.110302919076534556	2.665859095823376546	1
56.719181677933264041	52.497299460673382043	1
35.940651368666188148	9.141882849644293429	1
42.660033746791405918	31.406203273485512995	1
5.919442281386039006	24.773920152628978286	1
35.961999720256379476	70.192946573571688873	1
8.733266752631408281	51.287308337426708249	1
41.805718994089971829	42.366227397241765118	1
21.590873237768015258	64.262334762518719344	1
63.272649482863634773	63.836480189177130740	1
21.634790911418861015	61.597662065369519269	1
44.221689484724080899	38.396967916522363851	1
44.522108455731654431	21.028796610151093915	1
14.867523895865009109	38.558645982056418688	1
27.031120370624396543	0.677404097675499917	1
12.443302528985361377	7.756792577286377721	1
28.267071722413536605	52.677446753690659875	1
54.871789117772905797	7.917534449318577749	1
20.229872998665697992	49.179196876320006027	1
45.907160585589295465	67.313154321440094918	1
59.418045536760665470	53.191150752522545986	1
31.238836326550341482	19.618371364488055519	1
58.696599899781823240	10.244652741139608665	1
26.767050084767781470	43.111384510194099562	1
3.151568839724970594	63.488704161243049384	1
25.710621709885600694	59.402081542048911444	1
19.505339760134567939	65.918619226106059727	1
4.295111910858211424	51.967164726852978163	1
33.649851025229480683	2.173473157260847888	1
3.934888304735973286	44.612735906069737268	1
29.105187704769008405	55.266917895459449994	1
35.862459587144918771	25.561537976057945087	1
58.532726167785376958	25.547626919069895024	1
2.983551513134568900	9.336421296948641313	1
21.685812070002235430	16.047078647760312009	1
71.571073100261500599	26.130792584740017759	1
23.714206831063705749	40.001090391538021152	1
58.416359403292958064	28.222986755380283341	1
34.675950454744260298	34.170257062440427376	1
39.343356581364062663	46.120666940230890418	1
71.400558723328245492	46.015803035172488933	1
18.976573944009114570	60.787083617238600652	1
26.493790564670764098	54.750968039222257744	1
26.372272198459928205	26.020447162783632677	1
0.267335872362832017	62.646715409600275848	1
24.762129578624481496	47.097900443651688818	1
3.736287392979880995	56.751129159896585463	1
21.352033413784251792	18.736597552207804540	1
40.636560707003049231	59.366506320539308206	1
69.286494031580460273	62.065495544896819524	1
15.471137101792447055	3.685803930333506617	1
17.450761979889644948	44.693643727713819658	1
2.962264181615426928	39.237588977903158138	1
9.803035406987097744	13.972055057424642044	1
33.513421178693654667	69.330043674632179318	1
10.803880258349543908	40.595191401168726486	1
5.678470417243963730	64.570275047541372260	1
16.432820407133473140	11.093654944170255661	1
71.594745815065095940	21.052591818523346490	1
70.236307084770800202	64.632188545219605658	1
14.667990631723245798	1.189514705486137691	1
70.462164475041632272	34.941114299068537719	1
63.989877907177223904	54.180338638902988180	1
67.690837101298328093	57.016220148527700928	1
57.415982203508761472	12.622852096661699051	1
69.777292110685252169	55.323243275691666554	1
52.476979487205710484	14.528613815624757066	1
17.813716427255233299	2.308233814229265768	1
10.593436220079755827	29.811237044563480225	1
21.106750740791039078	21.474064152578758780	1
10.216860086323180212	36.047769797487241306	1
34.565714484397233264	62.973848022170670902	1
55.564933200093499011	59.204730740702558478	1
62.088787000837498908	38.013828792489817943	1
28.098134194956802645	40.747929774337819708	1
70.542885651172113626	23.599546094331110169	1
55.178740264984938335	42.289118594434100373	1
52.576682933277680831	38.337999621121902294	1
38.691579956456401135	61.332345060198726117	1
26.639346425871455182	18.664408212522218378	1
66.188976571954498240	6.225773167090752125	1
7.885315872631683654	9.746275607912034289	1
63.465653735669292246	58.715664689386478869	1
70.845690139884538894	67.241093849174419006	1
21.390378915267753257	46.688240093730492219	1
50.432613169749153315	32.008912707744372028	1
45.738468825543847629	2.296119119470156456	1
20.053130529922505332	24.003398299333653654	1
18.108776015741582910	31.437170097135584967	1
61.902122299420845764	31.036567831729222178	1
30.681424141890985879	39.899472470490195519	1
3.017409243107199046	42.092468505627167019	1
64.876444169456490840	47.800613068747033196	1
28.988539711334638582	25.496799457603557926	1
55.636610851377575671	63.795492778196106087	1
8.425496687511147442	42.240490537508676994	1
44.264875940371005925	41.320445356572797380	1
20.208222097673669282	7.569607001077629960	1
29.128235911020716742	50.129353624668766543	1
54.899120753833386743	50.553458307176910580	1
21.699571840076540497	43.655923181510225106	1
10.128613551793389291	60.022457365266042473	1
46.461769120565222124	39.839993684572590382	1
59.256326301067332452	48.802443249966941607	1
59.546031261408970181	55.939606980449404716	1
27.107744328690724700	48.445912715878058918	1
42.193934587805699721	71.040995100947156971	1
36.955743830175478593	32.659591716823939578	1
23.740560708671125667	26.678830776157880678	1
11.315822598852532721	52.017780830442873707	1
55.654256250046273635	3.413487439337580476	1
46.330047097397553557	50.881881545250251975	1
43.635669230998537671	18.453507748540157962	1
28.500390496615722213	32.927813837644315242	1
48.306813307446809347	66.230198355763960194	1
28.038511504005022346	16.397125546115230321	1
67.565902596372126254	47.772857361577727886	1
53.548602748247368766	33.748150318184343632	1
33.892408388976704714	36.673923032674473177	1
5.246170515830110403	54.480712690162206968	1
16.105511205570689270	13.785361293980411546	1
59.898991452909982058	39.632835990187402331	1
22.919275233183029172	8.053125443667555672	1
66.143488756102883031	68.118357600363438564	1
25.542570449811989874	28.591149497721811912	1
31.416527210506789203	0.680180272734869473	1
39.022319350144535122	14.112328992942382300	1
66.203876787858561670	50.079359237527462767	1
70.799481672772017760	0.904696816587271635	1
27.296320044465865351	23.410743839203306038	1
17.624896350815753010	63.964433909280025148	1
13.833119773361664429	15.763459971773974289	1
48.933464472263622724	38.721848399133079965	1
2.325449057299182609	50.156191696648505740	1
61.915131231896275210	13.058982656113535370	1
8.561842507277267700	57.754078148078335175	1
62.356180897600488322	66.325412043202845780	1
41.435184715087210350	5.643048988647287878	1
64.856907947964131722	41.670293948678867935	1
54.801399183303871609	54.458012179038327361	1
18.875644531076460453	19.815210387861888819	1
0.182861775363584139	9.944912601914561279	1
66.129288908491417942	52.669371959677029338	1
46.250771449445686301	18.934734538404992321	1
46.240674855102852803	12.785306875970766427	1
41.321815186074879023	61.954223569211279710	1
53.253805197825514028	5.770213441878833116	1
28.171715614744044842	28.115908804076703120	1
20.357010435604671272	68.525469416923442623	1
47.453402100348000658	71.630164360143382396	1
40.377928239098977770	1.245878150715919119	1
61.616380318739587096	19.366990605037539552	1
59.291893235071874813	44.215619253373553477	1
34.647925548393928352	13.528591675891933122	1
19.475719146466857978	0.149837636866613472	1
0.686678625949991961	40.750129938740172975	1
5.526917414663404138	46.716666061662259324	1
49.337490111926541658	63.771718900168224309	1
7.487015105188793207	44.856842889810117470	1
15.993266910418576288	47.060041396381613765	1
67.916987538758348819	30.105008477367551478	1
29.016861202849408841	4.855878935859560208	1
1.513540744590025744	71.693071513385035587	1
2.139174033790109508	11.917968733932513103	1
47.690977540407750723	31.556513327263566282	1
12.326978380451139472	37.827288388290519094	1
68.920028731983620673	25.776688068410607002	1
16.542390838806937836	22.288608895327595150	1
11.127553746046640271	16.364261177134583392	1
41.507936870813139763	8.283546350468210306	1
33.078878269671044166	23.747337619794087971	1
58.176132898942810812	63.072183949901990729	1
55.410136328929375793	39.600521300668539482	1
36.462419633338804204	52.563228656820022877	1
32.503586885169482912	43.773821863520808506	1
14.444916200843557874	66.960665734032843943	1
69.094304926040621240	32.607330891108183835	1
56.537617487588534004	56.598302167435193155	1
10.617970961865259127	9.696452856094355255	1
60.861012228033601446	50.945041762507628391	1
0.560101626131611741	14.406237189432157919	1
50.946759660656965707	66.009230287753368316	1
5.799465401823105104	42.737947350254643197	1
28.204256294229850255	13.712739061092587889	1
66.877788151703811081	37.594966561374747016	1
32.951722421334778801	58.732142898344946502	1
29.167668072122413747	70.843131019888588185	1
64.205040883206379476	10.380115155281666617	1
52.072684967949079748	25.896105905712548889	1
68.736189965992053885	9.459181618597796160	1
71.211485662691018206	69.948510634043358891	1
54.658743017925239371	12.584320322218479404	1
19.045314187760723712	51.551993438505924416	1
8.486350178746413064	28.157903919206049181	1
19.271778917146267673	42.680727065538803799	1
30.198902631804898533	42.474982498707099410	1
57.544125581256153623	7.813931998929779077	1
27.138565736239684156	45.804660070516654002	1
56.268641006662960535	24.151237301991479001	1
16.281272024471409310	33.483517518351831654	1
36.266911431347395478	2.785499873148445715	1
12.793185044346653712	58.918134103927108924	1
8.361948232703044326	2.999610398042778847	1
21.991309248506730967	55.220621149033476627	1
21.979646722070459219	1.047281969941693758	1
34.013861435186889537	7.305695128411111128	1
51.415467878080718833	2.211087957829914963	1
61.484717172695361853	33.687275789443631879	1
60.809038318243061383	26.905868458364260221	1
16.860024614946212296	71.503725902309341222	1
4.470184929973897603	20.624076248052862326	1
14.905422253412480060	49.576395366972050738	1
47.360497682713941003	4.403099857930823369	1
51.154468903001777846	52.618122071859829703	1
30.584891822024033559	45.558387420518016597	1
19.544320260181585525	56.174205461347362700	1
41.885948027131568949	27.402039458004779249	1
53.939839997010899708	1.327671189354313164	1
4.130433003191214425	26.846367560151470855	1
22.690421521602235799	24.246828511842565490	1
6.437414167289175815	69.912045097440284280	1
15.864132618384973128	6.349960691702634996	1
49.443385626377526876	29.461621455730611530	1
51.904464670590648723	68.562503134549103834	1
46.339889976932447269	56.966237149565650100	1
42.387842814849484796	34.040437162913427471	1
8.118426493058683135	65.864893347788068922	1
29.198329060653797740	2.161568346038342803	1
26.183231032202517241	38.751797511098203586	1
3.967046831184904754	70.781122036689922083	1
31.482007144136460397	10.667490958675681867	1
17.645622225880917000	8.663634764064077842	1
18.083099091081486165	53.960272444328467145	1
53.694823636781720211	70.483404152518133401	1
36.213998319853203611	30.110253336246824318	1
54.980094209973493946	47.407193318396110726	1
52.559412011615343374	42.674965758712907871	1
11.017843746178876074	3.564036415535452473	1
29.556529807755907768	61.797752430199082596	1
40.141391524608899033	32.487638206777276650	1
48.543020666142254527	41.423566447554399872	1
0.464536117681441652	52.225191731372468951	1
10.324560576315032989	68.253706458039886229	1
56.799180653521695206	45.344483858308571200	1
12.210825496941730250	49.467673646836914259	1
24.122837878551010249	42.645867009157377936	1
66.404145091407798418	32.676545651765131595	1
16.304203609293708155	51.886611240445766668	1
3.603192085518239551	1.686391680414216498	1
43.646103574967831662	57.490664284163329967	1
3.483074448441602744	66.199526101756433150	1
61.820312958865493158	44.946630294322531540	1
21.515723631786126901	34.498690279064817332	1
53.306861320459908882	10.144022078423214239	1
51.657471077538922088	19.119477606379057022	1
27.481595694338864178	7.045582463746804081	1
37.341081712631975620	20.697907999035052740	1
25.586451992483663531	14.104197252575293220	1
63.506053039657608394	21.297072439132126220	1
43.249683907860735133	60.105258577455280999	1
66.293220721231492121	45.434617491038110870	1
30.774006406356349430	27.495617243103463778	1
58.917644788640856746	19.111276656714522915	1
44.018047035279103341	46.997673833694157963	1
35.049782492972219927	44.516871985890830388	1
1.038401184021791046	65.277811839963248985	1
54.199077165905634956	17.838597463855339953	1
19.464349712517964974	14.543157879272214927	1
15.475291130346604973	24.732863196541416073	1
8.007677453843113469	0.369547690793297023	1
49.846312990513375496	15.039594893370070494	1
55.635514879120378851	35.394708513404381733	1
28.818992878504769095	11.158725224949705535	1
2.975284969138360047	47.522827384670158324	1
20.519005661324669632	12.180534252993666655	1
57.477925958313889510	65.730335092373167072	1
11.843334404538419236	12.061026377832391177	1
23.070641867503976385	59.315246249029023318	1
9.349934021955917274	7.411063596869695402	1
44.138003733834928255	9.034229356951330558	1
38.343792965287597951	23.181430028455288550	1
37.150048501067090001	18.018561577204675217	1
4.781375699786360123	11.449422716767749364	1
52.027124082787267412	28.662842124829701618	1
46.306028701586207319	42.991326273126183821	1
13.471021043778739212	53.737518294162576638	1
65.574161876232452073	28.239604726361992704	1
70.046377657746845102	28.301645004715073384	1
29.183762807337547684	21.444748368321462806	1
40.390357230592094595	35.770531666451532260	1
39.681534313325968810	18.835347622764878395	1
35.247920435798661742	54.985174522206463621	1
70.157617255041301974	48.332000097610944067	1
40.719529768818659932	53.322785601811084177	1
65.013451024716772508	3.905393105302300327	1
55.045032511955923837	15.234257356103112713	1
13.656891334612531352	26.646580637638560773	1
38.268076821919677855	54.475412504139256953	1
67.701739768825916599	3.987555626634819550	1
68.109622643224724925	66.300501727757279014	1
22.884259154689392091	13.560980149919103610	1
36.565061937598684949	6.459932390667874280	1
47.873566762764227178	16.870394703131054825	1
55.594767072260999896	32.001648497002278759	1
18.708116732321702358	47.008363084941471755	1
48.997536584355088962	19.336026766642323338	1
3.235710803416431691	29.388250507497094333	1
7.366967343919369249	15.052157345354508777	1
16.858660490913333518	56.310722507840033302	1
30.421780048602077073	15.178795753424777715	1
67.145169360814733750	40.315379214877928860	1
50.149818607069398979	59.173261684809190797	1
38.542790580293399216	8.288297090550740265	1
41.066663119807820692	22.998295226282472470	1
47.250029008749031334	21.304805688478342773	1
31.072119355230313431	48.197296980082413143	1
63.487784058632222184	50.126366274704523107	1
69.444872760390111921	19.272710278332603195	1
23.759871859832607299	53.248368397553079490	1
62.300578633810332008	56.213476487599230325	1
30.200874978631297552	64.413017058187080011	1
33.639206643964904231	21.172154176445552309	1
41.856373766143995852	20.445280390108798940	1
2.954655869580117944	33.931499358204689543	1
69.762077683202988965	13.669060256162380185	1
53.463211888700627128	62.300600655294850583	1
1.196430079676040759	36.015432899818321744	1
18.906238332635680877	33.963075623545400106	1
66.077284518431895322	16.295134723462748383	1
66.190806913302566272	25.605067737538771411	1
14.880889124793904799	29.029321133724732107	1
27.892469391072207685	66.399844083064309075	1
6.707514506653007302	7.318620985722215089	1
40.813102704686862410	66.576390540840236554	1
27.118001247626725814	30.661868085121351868	1
27.618449635903530748	63.696436429068391760	1
70.371839954559050057	16.382315161275986526	1
56.151161194305878155	26.867208669643694918	1
4.965989009351362782	49.348848949971682032	1
28.743714363042986548	38.122179541428266702	1
63.477967453318441926	6.088497871610966783	1
43.683958532419765675	23.590630374615948028	1
44.523958062083544007	55.028819269096565847	1
35.681082727328984561	22.877451227852063198	1
37.921870505852268707	10.973288957143301658	1
26.757060311693063426	3.367246419631658938	1
63.596588855487709679	15.139438721123159581	1
9.092466444690021632	33.347629917205139805	1
64.613954224502634816	39.061030005855293723	1
66.736301085131586319	70.725298140381099188	1
16.717849145542995615	27.072690098384686763	1
29.648763625725113258	8.635898524149357769	1
37.653657123964812570	50.127884012082979837	1
59.815336986695676558	67.004153904189067248	1
42.099692893301885022	45.138602682186103721	1
70.352443534134721403	3.555290337954497115	1
12.861722241765871644	69.129598063403690844	1
45.677734717300083389	6.553169134154269493	1
45.662837849225311970	61.332355749362712061	1
0.630311418874437424	5.412633381478724637	1
3.787214239494661516	36.583247270004072504	1
36.631359434308663481	15.391957893283199965	1
42.447821216565834845	64.434037027507102380	1
49.665691047720144979	22.251074978655136505	1
17.011066354390344202	58.936820551457522299	1
13.865641850804069080	45.364851734790732962	1
67.229946829767101235	20.731836976141103435	1
32.329476143000654531	17.025549265772404794	1
12.445741700705243105	56.246676808522984459	1
15.319273811678483455	43.173815522579012338	1
54.153954889570833586	44.840156216599069694	1
30.409450361510195648	57.637806068503849133	1
40.346358538579686126	50.419553158584101027	1
16.212928223744942358	68.905840014442958363	1
41.450889609535146008	47.838957958169316953	1
60.527118534515672366	64.362218050427557614	1
50.956954436165730726	61.644873400966162080	1
11.529901492853070977	46.794401920711720777	1
24.560203840906954298	1.704483834013997612	1
56.871729591924122360	17.149268466458831739	1
19.699222351353263605	36.495467333191093928	1
31.427620571680808581	3.624843256177701978	1
54.969412585371927094	29.338468332895804025	1
13.882235789852916952	22.617766671319817107	1
12.976780802138971893	18.333591652010351680	1
38.160534194833125810	66.221280270535373802	1
23.980571908589393360	18.036296558123613210	1
42.119789949746419211	10.912313380621851522	1
21.722983378863432335	51.484252658502320799	1
7.875577660709485173	55.169236170134091424	1
61.695002549381101176	68.940687652392824702	1
22.853445017150786356	48.980977805418909554	1
53.859043972389223143	20.542909838556113300	1
7.323176430114447300	12.373727194113374850	1
24.208031411412918033	33.974157825696877921	1
31.282813071470375377	37.267941862657288254	1
52.121734554723303745	55.145866768794988388	1
10.748907894559422971	70.954600780331674059	1
60.587981130093929494	71.347023560942815834	1
51.453407532922170731	45.065170892009135173	1
62.362292650883134115	3.458268084526189501	1
27.661704157098764512	57.534396271401995193	1
45.998961661641487808	25.255977052602254673	1
60.050323391196371858	21.576175139335216357	1
5.709140514686735557	3.335255825504423566	1
60.778316988875985771	58.361810582251059998	1
1.314199602907333286	16.910433602776972606	1
43.880877609163604802	68.987995846137934564	1
37.174762434992160820	56.898780655874233503	1
44.810242240570680394	71.514020520180096696	1
33.228138586857454584	39.223260932927836109	1
48.262323133674314590	52.847020148172681786	1
24.430456824922849535	31.107705417233560752	1
37.097283556487361977	63.768758662547931237	1
21.103711074370732348	40.705862530440128921	1
13.330183184399961860	5.274248021161266564	1
53.747099712689170303	23.196712937643862773	1
53.962446159247065225	57.077266283654317647	1
36.540042472918180749	42.356029179334214518	1
48.332640561707130189	61.218499603099836293	1
48.666321142013849510	34.035354760754309211	1
1.615561246654197980	68.251129192818424940	1
19.224369597029546952	17.162987506500883228	1
44.430117442333326494	35.743926523737748369	1
22.266269965184079638	3.675537423905920420	1
56.037866317545095285	10.287310468971273991	1
33.300394978279165059	26.405974964853850651	1
68.729734877537467241	68.920001638767899976	1
